0.9999954315834648 -0.002631410694672678 -0.00148744410174606 0.003606501268222928 0.0026343815225550187 0.9999945322972771 0.001998852056465948 -0.02147158607840538 0.0014821761681654418 -0.0020027614201346355 0.999996896045433 1.4320613145828247
0.999988541567849 -0.004217406339423737 -0.002264998184168887 0.0034282772062751796 0.004222026671041856 0.9999890084439568 0.0020389904514647524 -0.03919836023104549 0.002256374037058376 -0.002048529970574431 0.9999953561397995 2.8085651222015864
0.9999826486207 -0.0053659556478546895 -0.002430838849943741 0.0006638623810022036 0.005368384293792392 0.9999850964168348 0.0009936771546609185 -0.05717374527035596 0.002425470594194583 -0.0010067095900944858 0.9999965518081538 4.144724468618655
0.9999818393426384 -0.005609344149994895 -0.002203688526122265 -0.004156591570598308 0.005611599378256616 0.9999837361308587 0.0010185412052466705 -0.07436565482088295 0.002197939337469269 -0.0010308889250318935 0.9999970531610045 5.517120783482772
0.9999729075492636 -0.0070529272123413264 -0.0021072221546218645 -0.005417786944546912 0.0070575046487233685 0.9999727349564267 0.0021727797625606714 -0.09370865370549339 0.0020918402436042116 -0.002187592626784132 0.9999954193109558 6.809009841879606
0.9999670896234728 -0.007895705696077204 -0.001864806028019919 -0.008115075889371515 0.007902098609267782 0.9999628400211885 0.003446072304461309 -0.10724774217356493 0.0018375275591440018 -0.0034606947740448016 0.9999923235126109 8.092877609434465
0.9999606549438635 -0.008597607515374249 -0.002183966403286403 -0.010498762712767652 0.008607826377552403 0.9999518427497709 0.004713544991858514 -0.12632321381232528 0.002143336019623772 -0.004732158740780107 0.9999865063011396 9.442481745002784
0.9999580484929432 -0.008898308417398464 -0.0021728694146814147 -0.014670086403494188 0.008905162899363807 0.9999553377020033 0.0031655449779221757 -0.13917484059024543 0.0021446043738174115 -0.00318476193463648 0.9999926289545837 10.621984142267907
0.999966888109559 -0.00785232172664766 -0.0021362883667030083 -0.021194155743874406 0.007855099367484351 0.9999683097576791 0.001294949534174807 -0.15643698250925464 0.0021260523068448887 -0.0013116874133457573 0.9999968796839911 11.925334955796535
0.9999870905047699 -0.004483206902760508 -0.0023915851797941573 -0.029407692024883927 0.004483831955861795 0.9999899147919343 0.000256057435722036 -0.17532631028775353 0.002390413101696682 -0.00026677759620411553 0.9999971073732753 13.297902481658658
0.9999931470212092 -0.002849916368248823 -0.002363025034190687 -0.037643585173040985 0.0028507913286223686 0.9999958691465923 0.0003669857641037385 -0.19754550425334752 0.0023619693941446403 -0.0003737197404348673 0.9999971407129808 14.6486317412197
0.9999934219374056 -0.0021961155760956553 -0.002886721028148257 -0.04322596908366008 0.0021998314561310953 0.9999967551540672 0.0012846878610546942 -0.21377355435478745 0.0028838903381611884 -0.0012910297100203244 0.9999950081969436 16.017527287996195
0.9999825811979605 -0.004740286566166985 -0.0035166722814391153 -0.04550454977110772 0.004755230630691224 0.9999796481061133 0.004253369866551941 -0.23129454455902582 0.003496438518458657 -0.004270018365695036 0.9999847708144576 17.378020544058206
0.9999661434926147 -0.007324382486021338 -0.0037503719423349806 -0.05193432828288584 0.007346986918787405 0.9999547124185533 0.006049371466725295 -0.2461496460661162 0.0037058941866378705 -0.006076720589736478 0.999974669586761 18.706837090020194
0.9999459781435434 -0.009654717639194364 -0.0038506131797106918 -0.05455241846083068 0.009669109923518753 0.9999462711609547 0.003736723777374256 -0.2631798506829088 0.0038143292777687242 -0.0037737539147263085 0.9999856047331642 20.08066451950964
0.9999283216286545 -0.01141605544596006 -0.003609055687653006 -0.05704662963274742 0.01142351782440762 0.9999326401538631 0.0020538732773105126 -0.28145653900074963 0.003585365451004437 -0.002094954170996227 0.9999913781236337 21.473984434483484
0.9999485801421122 -0.009836493824530548 -0.0024658590822374793 -0.06479376572656531 0.00983819773028064 0.9999513726702679 0.0006798237018542663 -0.30131538170931355 0.002459052092449758 -0.0007040483546421861 0.9999967286840098 22.858685538148105
0.9999625506589602 -0.008321471308815154 -0.0023770559275809967 -0.07383087478878653 0.008328493501843769 0.9999609374455033 0.002959692399312772 -0.32146141332806744 0.002352334078320487 -0.0029793788556291135 0.9999927948870525 24.295016735176162
0.9999707876831118 -0.007511185353030871 -0.0014162891685717636 -0.07983415188446388 0.007520799615518249 0.9999478445797082 0.0069098258688200034 -0.3379178963232448 0.0013643143185570494 -0.00692027564383154 0.9999751239063167 25.633116184574224
0.9999623513527324 -0.00862188053190205 -0.000979312620067092 -0.08215229925666785 0.008629540311523945 0.9999299014782218 0.008106982408038683 -0.350849774120821 0.0009093465379037269 -0.008115128208850055 0.9999666583356807 27.054620404746544
0.9999340427635617 -0.011472246889747979 -0.0005455949228270536 -0.08179014864712067 0.011475425600380939 0.9999147366017378 0.006231703937607511 -0.3676406613817623 0.0004740567574338121 -0.006237553845582336 0.9999804339046909 28.450744331777106
0.9999257089049607 -0.012185868318404848 -0.00028510390698631535 -0.08242991561913111 0.012186933524398792 0.9999173606259057 0.004092746045457049 -0.3833844928792376 0.00023520668180727946 -0.004095916533233605 0.9999915840373704 29.856196555303395
0.9999181452772605 -0.012793894345443996 0.00013788676635059424 -0.0838786415128565 0.012793647054757029 0.9999167705094943 0.0016657277387618166 -0.4017222734608816 -0.00015918643480327676 -0.00166382731645739 0.9999986031681942 31.233856040199925
0.9999513949805809 -0.00983648970743154 0.000671674493265174 -0.08776024543562214 0.009835973791329274 0.9999513313769843 0.0007671355622546666 -0.42163209241188393 -0.0006791877248547946 -0.0007604917029037052 0.9999994801780667 32.62486286653887
0.9999566079189662 -0.009293239536847353 0.0006465122619120435 -0.09044979084522431 0.009294116616173041 0.9999558742162863 -0.0013671198431999478 -0.4456200474224017 -0.0006337787618733717 0.0013730692813809279 0.9999988565019607 33.960360406158784
0.9999585316658922 -0.00906398357064987 0.0008826949774496257 -0.09155482222499925 0.009064951482525566 0.9999583087941882 -0.0010987848217461071 -0.4737257608359882 -0.0008726988092596657 0.0011067408441144586 0.9999990067602527 35.34951817767474
0.9999645595187758 -0.008397193758387059 0.0006056759894475108 -0.09319436851682565 0.008397297231901364 0.9999647278815047 -0.0001684994526157703 -0.49739058499195987 -0.000604239703420444 0.00017357952222370166 0.9999998023822453 36.7564806603213
0.9999728832649504 -0.0073296978582014834 0.000712926425774278 -0.09521868367696383 0.00732886432919741 0.999972465075192 0.0011648343600429004 -0.5196379750962321 -0.0007214446793127163 -0.0011595778324869832 0.9999990674479774 38.2032086797071
0.9999839055689613 -0.005520434976432814 0.0013089693336480147 -0.0948652336831878 0.0055188479240494874 0.9999840353805398 0.0012129722341058058 -0.5417160690601496 -0.0013156445707973175 -0.0012057287093181846 0.9999984076475534 39.638115501405224
0.9999911041671629 -0.003975750742979188 0.0014088976425013988 -0.09436957643766576 0.003974595813630423 0.9999917637520407 0.0008215936948624298 -0.5659011933457906 -0.0014121524902138422 -0.0008159865874305401 0.9999986699947321 41.06700629368972
0.9999968037855657 -0.0021368875809459065 0.001351343819407523 -0.09287068683363035 0.0021353781974593152 0.9999970957752603 0.001117408160496141 -0.5882437722517252 -0.0013537276704223824 -0.0011145189588908152 0.9999984626332604 42.46872859488926
0.9999972638323226 -0.0018800256797715921 0.0013920600957601965 -0.0931356400947603 0.0018781807503666327 0.9999973578109667 0.0013254463976219244 -0.6108607231342006 -0.0013945482909389674 -0.0013228282305031232 0.9999981526785618 43.88240488477399
0.9999937862823736 -0.003227909034652208 0.0014170391332780602 -0.09117229684283815 0.0032262984354833072 0.9999941486278779 0.0011374130336841112 -0.6337662747639491 -0.0014207023074623395 -0.0011328341749819815 0.9999983491444798 45.32946036480267
0.9999884417674155 -0.00463054679610434 0.0012939737030425301 -0.08896518338319383 0.004629649784078787 0.999989041348363 0.0006953603795884621 -0.656772101980919 -0.0012971794216133314 -0.0006893616973765696 0.9999989210524168 46.75145194697341
0.999986578422053 -0.004908067752465384 0.0016594718109370651 -0.08733993741544006 0.00490655718977976 0.9999875458800292 0.0009131163005050148 -0.6796053647660708 -0.0016639327803448026 -0.0009049617516982222 0.9999982061843561 48.20579105906554
0.9999874134963629 -0.0049541264154675775 0.0007933979533038424 -0.08550850077917503 0.004952689320497552 0.9999861096583057 0.0018031525006035158 -0.6983447988474476 -0.0008023199781695262 -0.0017992003516477768 0.9999980595784907 49.57190121723964
0.9999886830550331 -0.004717561004473841 0.000615126026151106 -0.08610299319461055 0.0047165949655190165 0.9999876559641075 0.0015625784266374348 -0.7212039878697928 -0.000622489992065296 -0.0015596594427052706 0.999998589983322 51.06038857439278
0.9999873254951352 -0.005010206533562196 0.0004966684767203437 -0.08336157247076327 0.005009188072702305 0.9999853913332026 0.0020310477671611 -0.7396580912305268 -0.000506837189849064 -0.002028534118826621 0.9999978140803067 52.49980960509017
0.9999828654485233 -0.005853857905293897 3.401445757941773e-05 -0.08106658238866082 0.005853734904356852 0.999978675958568 0.0028950674978847875 -0.7576240656584395 -5.09610460125645e-05 -0.002894818780584134 0.9999958087048161 53.89228784106291
0.9999683159197668 -0.007953492634449619 0.0003303202950426508 -0.07771733257251794 0.007952167621630216 0.9999610247910397 0.0038356132456423926 -0.7765758960231763 -0.00036081394243793935 -0.0038328649554095736 0.9999925894523081 55.28968898700636
0.999954361743038 -0.009552859618026025 0.00013154538986111792 -0.07372441079038773 0.009552260787382496 0.999946461961992 0.0039783820258037115 -0.7937880018653757 -0.00016954327217841384 -0.0039769439035132 0.9999920775547508 56.67681924426374
0.9999313539761705 -0.011714053772690908 -0.0002613036368112213 -0.06974384016599543 0.011714835042010204 0.9999261906857396 0.0032211520677037572 -0.8130674062029896 0.00022355160163788163 -0.0032239920774232854 0.9999947779362479 58.10710303806656
0.9998950868561814 -0.01448293060754436 0.00024495282080002213 -0.0670873639657139 0.014481951913452043 0.9998886073576 0.0036119171162574725 -0.8323985868078084 -0.00029723667981300595 -0.003607990783705709 0.9999934470049595 59.50800227402863
0.9998889396984646 -0.0149032142363007 4.9740373521640804e-05 -0.06539001707892977 0.014902905783565816 0.9998812974707546 0.003910801376362589 -0.849939925360806 -0.00010801797996104657 -0.003909625765482259 0.9999923515499954 60.91103554510033
0.9998735545346316 -0.01589949679228405 0.0002845066450627144 -0.06343141770563701 0.01589811544468835 0.9998642267901882 0.004333348654961592 -0.8693093377413615 -0.0003533660797217092 -0.00432827760318633 0.9999905705282441 62.3171491500309
0.9998444204097007 -0.017583777123931284 0.0013949041699742241 -0.058538313728124174 0.01757824699536428 0.9998379530507212 0.003882379671356516 -0.8863150720823986 -0.0014629450288605576 -0.0038572556822831956 0.9999914906490173 63.70249044553088
0.9998046433894967 -0.01971891095790301 0.0013563212868293003 -0.05485331226446434 0.019714379953757934 0.9998002835529824 0.003276618747050026 -0.9064624207797946 -0.0014206617604769552 -0.0032492396047297733 0.9999937120613074 65.07426499432285
0.999815078478905 -0.01916094547742511 0.0016330996998606098 -0.056423016253678696 0.01915650197261528 0.9998128666804135 0.0026944484529858263 -0.9281307523054222 -0.0016844222723919528 -0.0026626657138575354 0.9999950364541337 66.50576136992767
0.999818816657971 -0.0188608538503822 0.0025694452099404006 -0.059550231236849015 0.018854219297126624 0.9998189086654665 0.0025823031755273303 -0.9510845962723993 -0.0026176843484693223 -0.0025333904217476927 0.9999933648087983 67.9126998322221
0.9998597062404526 -0.016467153814677192 0.003066053162805531 -0.06151564345532658 0.01645541602962508 0.9998573224852945 0.003814964721801893 -0.9706183004938846 -0.003128437316831788 -0.0037639763256956246 0.9999880226093579 69.34399369720991
0.9998968311863725 -0.01403234255266723 0.003069258205652187 -0.060049460277874056 0.014016411902847518 0.9998884936839194 0.005151737170205236 -0.9879868782998579 -0.0031412069046902057 -0.005108185684346659 0.999982019467448 70.7445959004528
0.999939468254164 -0.010157497662647263 0.004229074226177507 -0.06712487112605366 0.010133722949661975 0.9999329395949162 0.005605708897851765 -1.0072067859536105 -0.004285730597774185 -0.0055625133079639 0.9999753451755405 72.14327095349425
0.999962802516287 -0.0072364308188735856 0.0046933626297598315 -0.06654052655476553 0.007210952543243118 0.999959295965069 0.005422967495850818 -1.024412165029318 -0.004732414520080134 -0.005388922159914294 0.9999742815546628 73.55028488658981
0.999955868668921 -0.0068934738689970755 0.006382846747248077 -0.06567386005277907 0.0068590487411120905 0.9999618978619073 0.005399655061033044 -1.043949483499131 -0.0064198259282047246 -0.005355636510121416 0.9999650508855911 74.96425377226598
0.9999597405964854 -0.005393136814829948 0.007171559210092666 -0.05813058765640705 0.005356222954211978 0.9999723601025425 0.005156540178685897 -1.061731505637551 -0.007199170915606318 -0.005117920109395522 0.9999609886549982 76.38717766156056
0.9999583635433195 -0.0045896603026408375 0.007887090596075853 -0.04919081763681318 0.0045492302138906 0.9999764605344451 0.00513642691596917 -1.0773227916459114 -0.007910479392892088 -0.005100332862513036 0.9999557044791864 77.76988610389803
0.9999508767393388 -0.00588703626321981 0.007974140220818032 -0.04443409823907847 0.005848201047667354 0.9999709685162722 0.0048847383894449065 -1.09921482051963 -0.00800266535173098 -0.004837864059974111 0.9999562752533759 79.18011823900103
0.9999347057328822 -0.007703712647740665 0.008440206296851318 -0.03607087859897083 0.00766838447176314 0.9999617347464164 0.0042100976864569645 -1.1219783819657623 -0.008472316713012462 -0.0041451000443087855 0.9999555180082448 80.61287726798618
0.9999297056790949 -0.008626752522823522 0.008134054427328322 -0.027208414172403463 0.008590805765277336 0.999953223706499 0.0044439234109472075 -1.1435595734084665 -0.008172010573907708 -0.004373732946699514 0.999957043429012 82.06314098965366
0.9999323171223633 -0.008630773300536203 0.007801982218291456 -0.02427741273772844 0.008596387583820824 0.9999532368572549 0.004430148892092151 -1.1616288901852785 -0.007839852983858565 -0.004362780183796268 0.9999597506171234 83.45368512744065
0.9999188107720466 -0.009839790853655397 0.008096318927196587 -0.02011993155298233 0.009807486967240982 0.9999438247256999 0.004020023920977761 -1.1842986281179737 -0.008135420308869152 -0.003940292995978159 0.9999591436791326 84.8747458295661
0.9999118852243122 -0.010808997393850992 0.0077063196468811525 -0.018831354904728995 0.010776455281434326 0.9999328925307838 0.004251875655054365 -1.2061925816129901 -0.007751761008147149 -0.004168454192925718 0.9999612663453091 86.24886841945484
0.9999066011655542 -0.0116037583232352 0.007220923647528912 -0.015275578937198846 0.01156792858109044 0.999920667867459 0.0049840746218439876 -1.2267652048870572 -0.007278184793633894 -0.0049000779860394 0.9999615078900991 87.66128366524026
0.9998908650454386 -0.013462921627677983 0.0060833987153066146 -0.010021424648809313 0.013429441328195308 0.9998946323519102 0.00551128836568442 -1.2446572849328565 -0.006156955765226338 -0.0054289902453558345 0.999966308412749 89.08530521985882
0.9998687737327319 -0.015297815271225364 0.005330306007003165 -0.009244327952376057 0.015266502977111735 0.9998662508036663 0.005866377985481641 -1.2644030013048824 -0.0054193358495916 -0.005784233030071401 0.9999685862301892 90.47264091667051
0.9998410355004828 -0.01702845343617706 0.005285404704660363 -0.009331261334280787 0.016997320319597525 0.9998382425664268 0.005880459474430315 -1.2842682013992393 -0.005384684881503608 -0.005789686973349219 0.9999687418582032 91.87459567584665
0.9998182219607243 -0.018260390284034013 0.005484631434145942 -0.009658965035624672 0.01823148289799455 0.9998198766010298 0.005275166806860739 -1.303357665030493 -0.005579970128396586 -0.005174214933188307 0.9999710452974085 93.29265645829064
0.9997918484046198 -0.019731955787197268 0.0051874641669983805 -0.009428517006843074 0.019706013536991796 0.9997932882059825 0.005005385973888608 -1.322089459817881 -0.005285157911708648 -0.004902119855715125 0.9999740178258478 94.67188770915337
0.9997942972177409 -0.01955337884588115 0.005387822063785754 -0.009898964115905762 0.01952966418259837 0.9997995098317464 0.0044195426361707995 -1.3412139845091156 -0.005473158849924239 -0.0043134111683729 0.99997571921337 96.03555420703921
0.9997874106926818 -0.019796078354041003 0.005766168764552354 -0.01023053877626521 0.019773840594515854 0.9997969171306798 0.00388840894574292 -1.3606155525397234 -0.005841973002617147 -0.003773563009587243 0.9999758154943797 97.3963592950253
0.9997917523186522 -0.019597135203654425 0.00569247638612346 -0.012522567781423053 0.01957959245753272 0.9998034292028124 0.00312129996823168 -1.3801772356923405 -0.00575252594899087 -0.0030091935970360793 0.9999789263775024 98.73051647600147
0.9998019202725055 -0.019024283884887444 0.005847806603854165 -0.013490695651581511 0.019005251296373073 0.9998139603926409 0.003293178880988918 -1.4005380733954045 -0.005909369050125326 -0.0031813875349747433 0.9999774788117893 100.08750886759559
0.9998098853072728 -0.01848337404683446 0.0062095189589124935 -0.012642189311047058 0.01845485093252009 0.9998190217142072 0.004619772234840913 -1.418616055395258 -0.006293784149043463 -0.004504298201512632 0.999970049340878 101.44768873907104
0.999830138305897 -0.01739662395398915 0.006087036242094274 -0.01190001574192417 0.01736014921606916 0.9998313308287964 0.005994590253848267 -1.4369095169996757 -0.006190295179140685 -0.0058879001451459245 0.9999635057728239 102.8420143044168
0.9998000940199854 -0.018960808895703084 0.006345055054700783 -0.009767722449692845 0.018932196858277333 0.9998104647709629 0.004539433509634556 -1.4558846055145662 -0.006429923774508674 -0.004418400218357902 0.9999695664467819 104.20031440998555
0.9997952286539402 -0.019359737404212547 0.00589078334805566 -0.011625156183099295 0.019345060811046966 0.9998096446658532 0.002538317425959987 -1.4781869727809025 -0.005938803164838182 -0.0024238400891911068 0.9999794275964841 105.51694861890927
0.9997706144182543 -0.02066624318603175 0.0056236054556288925 -0.012919487416549611 0.020658214487477643 0.9997854978514492 0.001482045922684171 -1.5025651401946791 -0.00565302750162712 -0.001365532315022689 0.9999830891577932 106.89035753937874
0.9997157225613822 -0.023204752982056025 0.0054784580507201515 -0.010035630389346205 0.023190376410840357 0.9997274928010658 0.0026733087393689837 -1.5267383975856472 -0.005538998600404105 -0.0025455012736607233 0.9999814197862733 108.25045237590528
0.9996452867461703 -0.026050552006358283 0.005537998404585287 -0.009813335313608555 0.026024766752879243 0.9996503516946015 0.004678233888435435 -1.5486849670285787 -0.005657932628036425 -0.0045324493401135485 0.9999737220054117 109.58009183262617
0.9995853760468377 -0.02810928520800504 0.006240519080571771 -0.010191559321876214 0.02807478973274429 0.9995904283621709 0.005548126547824763 -1.5685008069540818 -0.006393917012453956 -0.0053706249006526385 0.9999651364989756 110.93916091876504
0.9995536909032846 -0.029065082661553596 0.006902171505837237 -0.008509455179107311 0.029034493365439805 0.9995683193216268 0.004491458955319175 -1.5866586605096393 -0.007029736597566685 -0.00428905332353654 0.9999660928376307 112.2944911956846
0.9995801651845063 -0.02816094876627646 0.006815741654159005 -0.010137194129931386 0.02814844270474957 0.9996019026073328 0.0019239223202410093 -1.6097914165815261 -0.006867207803068004 -0.0017312620772261958 0.9999749217798464 113.65245679281259
0.9996144966314148 -0.026607035305257116 0.00793245211686399 -0.00630385109049324 0.026605196608437374 0.9996459622176396 0.0003372467832317375 -1.6309633141653264 -0.007938616866175897 -0.00012607232530456982 0.9999684807372787 114.99447776302252
0.999677540282837 -0.023889112713516306 0.008609631108021638 -0.00762120843813609 0.02388573094871445 0.9997145724760652 0.0004954150187752565 -1.6547475974804025 -0.008619008707555985 -0.00028960793517453156 0.9999628137166618 116.31065250221408
0.9996926542420443 -0.02280678492026281 0.00971841633681599 -0.0035749890924102494 0.022784088284808848 0.9997374319020874 0.0024397899183832513 -1.672878190771399 -0.009771508354642919 -0.0022176148034949886 0.9999497986444413 117.59919251590573
0.9997049282737354 -0.02181962270464376 0.010675226003741487 -0.001961655825508419 0.02177514918586433 0.9997537972729847 0.0042647058723748405 -1.6919660042718687 -0.010765652007069379 -0.004030992839426783 0.9999339237337592 118.92681030660316
0.9996580965877495 -0.023407045955888328 0.011653331119240915 0.005414413600515424 0.023351566356590234 0.9997154319291827 0.004874372917444881 -1.7098980263391033 -0.011764109624170507 -0.004600582817805559 0.99992021699858 120.2505755528802
0.9996549415790932 -0.023376173263318308 0.0119813313142344 0.010486998864068005 0.023323758917214447 0.9997178547504072 0.004495905160521407 -1.730303636617898 -0.012083047896528105 -0.0042149041275057 0.999918113915698 121.65043514568936
0.9996590326754032 -0.022523533828996967 0.013210178436693682 0.014416512962310632 0.022471375123278927 0.9997391466448015 0.004083621675677617 -1.751391109513596 -0.013298710108282671 -0.003785378419023807 0.9999044030404513 123.00356475160757
0.9996822398968067 -0.02059495053182006 0.014535035173446635 0.018121523592681925 0.02054218424380141 0.9997818779328941 0.003770308139465709 -1.7753585005330648 -0.014609514071151184 -0.003470528715439171 0.9998872524085107 124.37072898404652
0.9996720798080232 -0.020354172989872812 0.015538355582159493 0.026315612206196617 0.020312490971712813 0.9997896587354438 0.0028356650342009114 -1.800165360937457 -0.015592804841444702 -0.0025191124549006376 0.999875251473711 125.71864956213471
0.9996716479055805 -0.020265855902033843 0.015680926576484976 0.035922151838156405 0.020235362497020574 0.9997930368275267 0.002100860729082839 -1.8288822519119556 -0.01572025694297925 -0.0017828616734980231 0.9998748396303911 127.09103268978404
0.9996580820386888 -0.020313076247717745 0.01646505232553308 0.04503692941525687 0.02028373850784858 0.9997923682504705 0.0019468796207964853 -1.8570291178167704 -0.016501180772095028 -0.0016122411317964654 0.9998625464090853 128.44429951258985
0.9996458539784077 -0.02038196434994477 0.0171097093200274 0.05241950656495319 0.020336429532801837 0.999789184906234 0.0028311443592514483 -1.8894997677349543 -0.01716380661845263 -0.0024821913228266065 0.9998496099257138 129.803782536343
0.999612382395466 -0.02124113444973505 0.017997198919467747 0.06739723502949921 0.02117603273751461 0.9997685401683157 0.003800227257877177 -1.9168272563970867 -0.01807375442895921 -0.0034176449493885856 0.9998308152401798 131.16490996723337
0.9995773524433104 -0.02227217052421015 0.0186833322124331 0.07768332336841861 0.022203669193521246 0.9997459935849468 0.0038659261748147616 -1.9480286658574726 -0.018764689093196084 -0.003449453722685114 0.9998179772899923 132.5561790878716
0.9995438307448012 -0.024045883279014503 0.018273639958632504 0.09160038813434922 0.023981708444876935 0.9997054652039798 0.0037229694272505605 -1.9721360674785817 -0.018357779824113775 -0.0032830380173452297 0.9998260916685995 133.8761999038744
0.9995025607436959 -0.025704738865262634 0.01827286147982362 0.10428141847248962 0.025623122137827848 0.9996606873247996 0.004686771726480921 -2.001276231510136 -0.01838713350966165 -0.004216232580733709 0.9998220525194089 135.25167576278815
0.999448121642181 -0.02856565477609415 0.01695451306074104 0.1172481455696929 0.028508332408176806 0.9995870249194541 0.0036131144427144317 -2.0280506941665886 -0.01705072224918129 -0.0031277755488947952 0.9998497336554616 136.62823011927642
0.9994416404569673 -0.02961192391159774 0.015477121274241043 0.12269290271030003 0.02956246904384856 0.999557102797285 0.0034144796859576125 -2.0572072797180443 -0.015571375813180893 -0.0029550312600828267 0.9998743921341006 137.9236597364057
0.9994282707301752 -0.030765318689269194 0.01402236895952588 0.12802965336129973 0.03070931606472989 0.999519567825442 0.0041918302535507036 -2.0861173854819555 -0.014144595155956024 -0.0037588163011462766 0.9998928951282177 139.24826494976597
0.9994085720919915 -0.03216828145779689 0.012153505547627414 0.13369130273509008 0.032117738365036314 0.9994747073314725 0.0043313146940695485 -2.1136276826864813 -0.012286452350427465 -0.0039384099222843985 0.9999167625437255 140.6631158499785
0.9993846835377496 -0.03304896306795754 0.011748206258080486 0.1382608646649861 0.03300117682889088 0.9994463257075098 0.004238438116006224 -2.142379406630452 -0.011881777563054233 -0.003848125503114025 0.9999220046043865 141.99827909256652
0.9993656498833047 -0.03388001796257426 0.010974616903247782 0.13982736339581717 0.0338485456448377 0.9994223474473789 0.003040950590953939 -2.17469150064571 -0.011071304848424402 -0.0026675467424075137 0.9999351530991053 143.33899958638713
0.9993381951460646 -0.035005380776054695 0.009889137420758658 0.14468518498766492 0.034980452458009605 0.9993843961804795 0.0026826510782910927 -2.2049905746600977 -0.009976956852475544 -0.0023349491853884925 0.9999475027941549 144.62315212242493
0.999265217401106 -0.0372504689122936 0.009023738589501385 0.14800153177520445 0.03725075568060329 0.9993059404454934 0.000136350902616076 -2.2382962197501817 -0.009022554712575025 0.0001998903671776675 0.9999592759459262 145.99397241455122
0.9990163516644555 -0.04350047815214631 0.008604505074239542 0.147699746233829 0.043501534892164066 0.9990533580921301 6.439612000820212e-05 -2.2780548047267395 -0.008599160951151274 0.00030997640084490355 0.999962978487488 147.40075753349808
0.9986641456132995 -0.05107490022663027 0.007828079796160533 0.1518797074342147 0.05106109856151131 0.9986936215727978 0.0019530600342175617 -2.3117435334458345 -0.007917605707972676 -0.001550740676384233 0.9999674528319454 148.76507759606503
0.9982628634499077 -0.05847943988676876 0.0071701162694731025 0.1580430785062673 0.05845464774124041 0.9982835016118368 0.0036200230736332106 -2.3415629065874666 -0.007369505698176841 -0.003194607978444043 0.9999677419125228 150.17258931942408
0.9981410626880941 -0.060558183539096214 0.006864792955686352 0.16827122508470604 0.06055781015625475 0.9981646571381448 0.0002624297330596375 -2.370383110767915 -0.006868085974877743 0.00015377493593535718 0.9999764025957372 151.53517482857362
0.998218701890984 -0.059283251900660916 0.006702181671566751 0.16971632147132149 0.05930414931065424 0.9982355616954728 -0.0029633158892326227 -2.40300084067798 -0.006514681083178911 0.0033555045228004605 0.9999731493994142 152.8366183109545
0.9983729572165284 -0.056540667852499046 0.007388584269950712 0.16830842220273395 0.05657843223273411 0.998385607045585 -0.005006061356036019 -2.4399705723442944 -0.007093610139181323 0.005415950794446346 0.9999601732930099 154.19205993563148
0.9983484408524528 -0.05694968956609991 0.007558009380674599 0.17466186294755856 0.05698871126192704 0.998362040805989 -0.005051956690346298 -2.4729690850296704 -0.007257922304504484 0.005474334299371575 0.999958676260075 155.55250245356208
0.9980894641111382 -0.061331510287086076 0.007474454912760802 0.1868971852585689 0.0613429201857073 0.9981158943733742 -0.0013067296296746063 -2.5036743130930743 -0.007380228548478866 0.0017627379669652426 0.9999712120763441 156.87291946835498
0.9977357592571447 -0.0668671155944329 0.007221049206783948 0.20126776024924262 0.06685881882737993 0.9977614851524346 0.0013845907018239726 -2.53125063374707 -0.007297468367429388 -0.000898664834484756 0.9999729693131421 158.29779994608316
0.9974559553504908 -0.07097045558457035 0.006694144452813439 0.21353644848086872 0.07095145353882609 0.9974751528397681 0.0030349148266492305 -2.5530683111249357 -0.006892632049109219 -0.0025522345886967966 0.9999729884962095 159.68669333206282
0.9972538646389704 -0.07379378387945226 0.006261543211380485 0.22531408156834998 0.07377597118709163 0.997270237035694 0.003029917188342352 -2.5752602897001684 -0.006468039736791813 -0.0025596451940609203 0.9999758060465486 161.06493044895873
0.9973720935480823 -0.07213900562335146 0.0066985729216315175 0.23119627378567964 0.07211522076675293 0.9973893437798134 0.003727176978800389 -2.59915706540771 -0.00694996009160018 -0.003234313241304715 0.9999706182046466 162.47032186105542
0.9976394917892198 -0.06837623346792349 0.0063352284318717944 0.2367230630913861 0.06835812394380375 0.9976562386723077 0.0030325449877394153 -2.6208775686197314 -0.006527734172554712 -0.002592322310038097 0.9999753339716005 163.84195856410886
0.9978414021635325 -0.06529387285594365 0.007017570504391045 0.24556982450311032 0.06528985880982373 0.9978660203770028 0.0007998209502001817 -2.6416430390923975 -0.007054818559361605 -0.0003399182710078362 0.9999750566842477 165.19203267032418
0.9979464066320952 -0.06366725271515429 0.0070320993871192065 0.25656896433136467 0.06366381384101774 0.9979711477948531 0.0007120226369918016 -2.665072202788318 -0.007063164821939092 -0.0002628701657335775 0.9999750209890119 166.5354575627011
0.9980476467699427 -0.06207071504224144 0.0069369381661598594 0.26732578748718216 0.06206023655411611 0.9980709306627313 0.0017159268259913847 -2.68654160956476 -0.007030065136498428 -0.0012820687071569575 0.9999744669160344 167.9154251153006
0.9982226781013668 -0.05921155400071109 0.006743648637993174 0.27451818506038855 0.059207357051345125 0.9982453684766692 0.0008204790485829673 -2.710636551759325 -0.0067803978590022925 -0.00041974718046406485 0.9999769247423556 169.29389524337253
0.9983248795957196 -0.05747624186998908 0.0066269450496627596 0.2839325421924599 0.05748798676557804 0.9983449232642538 -0.0015954842925114733 -2.7383128593527344 -0.006524274505985821 0.001973781393529621 0.9999767687447452 170.69023504218765
0.9984591855003451 -0.05502100771985406 0.007207190817253096 0.2945136925606907 0.055049907876767695 0.9984760859913553 -0.003874705942238672 -2.769865621413575 -0.006983017452643619 0.004265490929681067 0.9999665209667699 172.10906018979318
0.9987206147633606 -0.04995556090150731 0.007847011004696402 0.30972091578104444 0.04999674939191672 0.9987361365152925 -0.005143410225214332 -2.796451620552112 -0.00758015151127633 0.005529154864783663 0.9999559839060655 173.48651498442757
0.9989034308203456 -0.04613329849672676 0.00797838737791961 0.32024662339761983 0.046166875063796506 0.9989254228824594 -0.004076661126418097 -2.8222978716059806 -0.007781744160793367 0.004440527998757985 0.999959862278936 174.88249122004328
0.9989881653449204 -0.04413389039815003 0.008651313143744269 0.33183915553558185 0.04414834187403586 0.9990238806368096 -0.0014865487343073986 -2.8502390006289415 -0.008577261250556198 0.0018669857231109433 0.9999614717346612 176.2778158589132
0.9989690125677665 -0.04455786092875645 0.00868958910606264 0.3489200989190649 0.044549165945759174 0.9990064822654879 0.0011917235709072525 -2.871502483012925 -0.00873405649831814 -0.0008033809717964942 0.9999615346782588 177.68239111062277
0.9988429331572882 -0.047408167566724155 0.008078398956944795 0.3684299672354384 0.047393306691313586 0.9988742607698587 0.0020212996631650427 -2.8885442940426325 -0.008165130899456108 -0.0016360988450043294 0.9999653263078496 179.16029794553106
0.9987993287334556 -0.04874619927638287 0.004869186554541565 0.3844235598604199 0.04873938468396251 0.9988103906734163 0.0015085965145229458 -2.9016100401660885 -0.004936932471127973 -0.0012694640294553606 0.9999870074950241 180.4746353188656
0.9987413956452419 -0.05003625174410766 0.0034638325583169287 0.39228799981261947 0.050044887909645695 0.9987439569166714 -0.002453103450409777 -2.923099526764192 -0.003336737733591175 0.002623363075843191 0.9999909920331629 181.83312194520377
0.9987541917994122 -0.04972782947841477 0.00414817290693877 0.40214140970700835 0.049754343602783344 0.9987399802973645 -0.006554162667619509 -2.9485885439261708 -0.0038170218438368857 0.006752387058155819 0.9999699173541473 183.25232503790406
0.998933796402443 -0.04601865190283748 0.003681586892303673 0.40327033666091067 0.04604468598115878 0.9989124857048632 -0.007330265740430893 -2.9768995207909295 -0.003340254166465292 0.007491967697095899 0.9999663559951049 184.58071735186903
0.9990713576120821 -0.04291875372923629 0.0037951254891080673 0.4107197073634794 0.04294181973776959 0.9990582069321459 -0.006220874466831436 -3.0077652341656296 -0.003524559087008329 0.006378067093747141 0.9999734485192042 185.96495042726607
0.9991660988029736 -0.04067785430029778 0.0035240846142030385 0.42020271074695886 0.040689800741651704 0.9991660855600034 -0.003387267675040031 -3.0351671892042322 -0.003383359048194071 0.00352783732921983 0.9999880535513058 187.29393327500574
0.9991776784581586 -0.04034745955294428 0.0040061675684036355 0.4258350779459224 0.040353790670852784 0.9991843096513894 -0.0015122582342713394 -3.061475578379414 -0.003941883998242276 0.0016726787191962082 0.9999908318061953 188.70167768649193
0.9991294665708057 -0.04151772220035966 0.004072809009646201 0.43253021385699664 0.041521220015335224 0.9991373193753228 -0.0007780230908822791 -3.087753415291108 -0.004036993729672828 0.0009464537947429565 0.9999914034164697 190.13356695495838
0.9990179450098658 -0.04408769601796436 0.004406881901120751 0.44304284681709444 0.04408876395381927 0.999027607097092 -0.0001454334227725772 -3.117116277822654 -0.004396184855902074 0.00033958457506489705 0.9999902790732662 191.52004563888732
0.9988875226640391 -0.04694889728988395 0.004417930438659495 0.4506378579345584 0.04694808560949614 0.9988972893700526 0.0002873095235183873 -3.1445075876349278 -0.004426547605112465 -7.957652173406858e-05 0.9999901996239146 192.93492617570192
0.9987038764353305 -0.050694675227336554 0.004540605316164349 0.4612911323206772 0.050693079340432386 0.9987141706218541 0.0004659464394671238 -3.1747045747198346 -0.004558387875876356 -0.00023516524976113453 0.9999895828443804 194.34788648172355
0.998535357147894 -0.05387509619547343 0.004961303805923129 0.46927109726243027 0.05386868798497785 0.9985470235166738 0.0014164324079040031 -3.2050386136644557 -0.0050304055803966794 -0.001147098913582307 0.9999866895033047 195.74061341773088
0.9983417034468994 -0.057261794746582814 0.00591016253088661 0.47616488871914125 0.057246825418411 0.9983564806975808 0.002671783796032549 -3.2390184097124033 -0.006053440200022306 -0.0023290151435728483 0.9999789655538788 197.17684779661403
0.9981714526594236 -0.06010754277759697 0.006390179732486429 0.48375199515163303 0.06009106542369887 0.9981891380220934 0.0027401808247508384 -3.2720280310847554 -0.006543313535118926 -0.0023511775660169957 0.9999758282138793 198.63810579250745
0.998210478642544 -0.05949188335145006 0.00604616767207701 0.4867004033932847 0.059502736021030476 0.998226809921027 -0.001631061279934017 -3.3020123607360614 -0.005938411760140157 0.0019879059798687607 0.9999803915555455 200.0717202695369
0.9984989751179434 -0.05432597841209109 0.006963099739620719 0.48390443964916624 0.054370804081909224 0.9985001845113607 -0.006418504051777257 -3.343714210713318 -0.0066039648622275085 0.006787459049235698 0.999955158018475 201.50032382535548
0.998956620040293 -0.04472363788546662 0.00924486300395048 0.4741630649783119 0.0447836386817808 0.9989762838060837 -0.0063882782816556604 -3.38618501228475 -0.008949691843402427 0.006795631484551057 0.9999368592109376 202.8661326746331
0.9992424196417939 -0.03733440420815491 0.010987677226495513 0.46689391298625355 0.037367917699320234 0.9992974808002206 -0.002860698017409175 -3.4271642218147167 -0.010873155716183492 0.003269117427086824 0.9999355416005671 204.28525744087557
0.9992846366585124 -0.03591150988598559 0.011856576064451193 0.4752654291370739 0.03592208596454887 0.9993543621257162 -0.0006801766357931054 -3.457584014193259 -0.011824494839904151 0.001105603006994564 0.9999294769951389 205.72155545645805
0.999181453607399 -0.03852985073093995 0.01232369139727176 0.4941167697155696 0.038534865167258424 0.9992572418546535 -0.00016961005013982377 -3.484921076900623 -0.012308002825191343 0.0006443630028019147 0.9999240460468863 207.1763016643538
0.9990952729072077 -0.040668382823531773 0.012438580826984688 0.5126309678540115 0.04067561452153329 0.9991723506160314 -0.00032885821748160435 -3.5147017612217066 -0.012414911911342582 0.0008345076094559375 0.9999225837830064 208.67850581817402
0.9990034436592782 -0.042851758127663266 0.012483844851256797 0.5280780489345879 0.04286705010068937 0.9990803244781987 -0.0009598209204864502 -3.545410297031233 -0.01243123375079857 0.0014940100075502534 0.9999216131085129 210.171501208217
0.9989801470458339 -0.04326807645305224 0.012905013302400245 0.541993333025393 0.043289309130684524 0.9990616385972347 -0.0013704008149817502 -3.5753609657065075 -0.01283360912878114 0.0019276523178454142 0.9999157877707858 211.61673692999278
0.9990133662824336 -0.042417005470425026 0.013156429453330431 0.557933424237296 0.042436717505169544 0.9990984086676914 -0.0012226222108915235 -3.605030688463027 -0.013092707757563526 0.0017797316106821022 0.9999127029690987 213.077793812462
0.9990530469416534 -0.041471803613081844 0.013156705578331951 0.5744162226779352 0.0414772817413976 0.9991394369451043 -0.00014366754024116224 -3.6381658301660695 -0.01313942525157264 0.0006892358778856492 0.9999134364823602 214.55782040058503
0.9990158746616911 -0.04220631224261305 0.013634859031686172 0.591594477588293 0.04222069654958029 0.9991080131093985 -0.0007687154585477361 -3.6652075833015063 -0.013590252271505513 0.0013436321918601686 0.9999067454996641 216.00819198675467
0.998989396973312 -0.04273309379124432 0.013930808660144999 0.6120903659769946 0.04276094974839204 0.9990838727108687 -0.0017077662797244072 -3.69387844351555 -0.013845068129566781 0.0023017350150241816 0.9999015032013945 217.45496964375516
0.9989456411647191 -0.04358660602314867 0.014415747410024752 0.630277769085097 0.04361757137748218 0.9990466055549748 -0.0018404880359968695 -3.724838574077917 -0.014321782889607832 0.0024673273927914106 0.9998943938388691 218.903133586719
0.9989418170193215 -0.043602687413445994 0.014630511284989328 0.6521658317217156 0.04363330913089477 0.9990460275528137 -0.0017802149387756935 -3.7543143368409493 -0.014538932024831011 0.0024167087672665303 0.9998913835883934 220.3856065244189
0.9989742826927264 -0.04281326934403595 0.014744710462624738 0.6683395556184943 0.04284859654694549 0.9990793947166167 -0.0020882592353386733 -3.7877263509900665 -0.014641731199168156 0.002717907421513461 0.9998891101950953 221.8715546046326
0.9989730538739621 -0.04275273618514477 0.015001372684275366 0.6877885426903394 0.042789583029925915 0.9990818063708787 -0.002143773034861668 -3.8164808694145194 -0.014895946356448317 0.002783473977485091 0.9998851749349835 223.30609143289047
0.999003860552075 -0.041876329844429724 0.015416212271819149 0.706881503935524 0.04191787790423638 0.9991182206020262 -0.002381758393376768 -3.8458646975416793 -0.015302879273352278 0.0030256007336416204 0.9998783264108418 224.74380717218375
0.9989527803078894 -0.043109207828755804 0.015327717231011211 0.7289289371798582 0.04315218602611733 0.9990654220488788 -0.002484211637681854 -3.873909680922797 -0.015206299888666643 0.0031430346276438387 0.9998794376208692 226.2086068821073
0.9989750551272437 -0.04264041240557762 0.015186654121358247 0.7520913071293973 0.042681407426084214 0.9990858857202969 -0.0023854589948528217 -3.902373202778802 -0.01507105482864788 0.0030312018028796042 0.999881830578985 227.69420331587935
0.9989078003192534 -0.044240299365674675 0.015033375315788484 0.7758187753401959 0.044283224391487304 0.9990158021850061 -0.0025343681934234747 -3.9312846021388546 -0.014906458293070798 0.003197326489762246 0.9998837805487569 229.16594673390452
0.9988088716643855 -0.0463559209342517 0.015230445786440266 0.7984761282578015 0.0464018010859319 0.9989192806159202 -0.0026727644400206564 -3.960392492202933 -0.015090087491393202 0.0033763009503942113 0.9998804377781347 230.64318897306862
0.9987594701479351 -0.04722728590551495 0.01578303696422205 0.8230921414395217 0.047276041713764795 0.9988781315768044 -0.0027302266404558044 -3.9909998410166976 -0.015636389279294095 0.0034729992266958848 0.9998717125745071 232.1444685044095
0.9986582236751494 -0.049343716807423055 0.0157146395957253 0.8484816059686161 0.04938256401636298 0.998777742997033 -0.0020934337629678426 -4.020948488839206 -0.015592134464675339 0.0028666540389370404 0.9998743259217413 233.6433235686075
0.9986216805188518 -0.04994477276860178 0.01613254074213317 0.8734133174206786 0.04998327215119575 0.9987480688186635 -0.0019918674772793983 -4.052570927879449 -0.016012860542806023 0.002795479221935908 0.9998678780684759 235.1612710455222
0.9986603561630762 -0.04919449771710356 0.01604351652846452 0.8981076208812798 0.04924091850740829 0.9987837735143459 -0.002511117079741187 -4.082871208750036 -0.015900470835292856 0.0032977505671719113 0.9998681412408402 236.65200145615643
0.9986540877307569 -0.049324322909598275 0.016035093643593533 0.922234391183902 0.04937769669789831 0.9987758220895973 -0.0029496233754579123 -4.115465761129738 -0.015869975660331014 0.0037374294316230108 0.9998670789128844 238.13683263961198
0.9986907024189585 -0.04839698804704733 0.016571434756846685 0.9431339424317413 0.04844173501296875 0.9988233403614435 -0.0023093414946628622 -4.147129888015449 -0.016440170645701576 0.0031090669307059834 0.9998600174484229 239.63116620489384
0.998708792581375 -0.04789800168461963 0.01692716914523799 0.9640046881315344 0.04791262652394183 0.9988514250329512 -0.000459270309672904 -4.176809378590686 -0.01688572889242836 0.0012697024298052907 0.9998566197288046 241.12008166587208
0.9986668009243466 -0.04855671225337882 0.017517603337018735 0.9889364316824794 0.0485635232083961 0.9988200953485697 3.66259342912219e-05 -4.204489710130577 -0.017498712670311865 0.000814139431583317 0.9998465543431492 242.62897980592038
0.9986399984633996 -0.048827950500332194 0.018275248806995225 1.016092899194612 0.04887001565999175 0.9988034113175535 -0.001862017671187984 -4.2302964007972985 -0.018162462344424368 0.0027525970196821074 0.999831259848998 244.05792292270735
0.9986203101653612 -0.048933222513856824 0.01905297508648097 1.0429192152680558 0.04899378111960621 0.9987953678167347 -0.0027244521348261737 -4.263772756453332 -0.018896707036963042 0.003654170526975168 0.9998147635941965 245.57004053795572
0.9986503963424327 -0.048461978701332786 0.018676790555456086 1.0702564946445434 0.04851294902313082 0.9988199389399834 -0.002285465598976253 -4.294498789126683 -0.01854399261701529 0.0031884473143771767 0.9998229613994387 247.03664637269563
0.9986096061993339 -0.04920751571784446 0.01890700408018237 1.0985852063441428 0.049244891218519424 0.9987855837248728 -0.00151605812507253 -4.322580226259109 -0.01880944165269482 0.002445023566450676 0.9998200971997279 248.49464495684856
0.9985969225728456 -0.049169945844604414 0.019659670741893166 1.1276415339136443 0.049207134317702225 0.9987875970340389 -0.0014120705389344768 -4.3521391934481235 -0.019566403866847704 0.002377485353473898 0.9998057328316903 249.9806300210431
0.9985554334136254 -0.04972309231778372 0.020363214149114937 1.1608417990849407 0.04976491290704784 0.9987597534893858 -0.0015518547522689614 -4.382909963408867 -0.02026079572671075 0.0025629865733852093 0.9997914438803449 251.5216007551073
0.998540512598539 -0.04993746302962858 0.02056926069672828 1.19220125869132 0.04997126924048796 0.9987500136011942 -0.001132511415416614 -4.412793513225223 -0.02048699465368588 0.002158730593627811 0.9997877889493767 253.03932997158688
0.9984843455543588 -0.05063752454487271 0.0215604450522191 1.22507605476052 0.05066111217020193 0.9987157505739112 -0.0005488800093845793 -4.444166665238896 -0.02150496213808717 0.001640324222188191 0.9997673959176128 254.5962531287158
0.9984596646486705 -0.0510854795140282 0.02164652056300303 1.259304935463435 0.05110349096973832 0.9986933238838076 -0.0002793575041616557 -4.470856833238662 -0.021603964459528745 0.0013851399680400276 0.9997656475929244 256.1028858358371
0.9984370272019452 -0.05141547580397194 0.021907796785423837 1.2932991377368726 0.05143234239903216 0.9986764598231956 -0.00020676158952497687 -4.498605627508633 -0.021868170190689647 0.0013332077322612127 0.9997599740385953 257.64608095429986
0.9982913338382937 -0.0542131375458774 0.021802488408210315 1.3315038023279218 0.0542049999653991 0.9985293624959641 0.0009644750651560034 -4.527519497668098 -0.02182271207044277 0.00021897678416430127 0.9997618322815977 259.2323210816073
0.9981587230050912 -0.05675959981329498 0.021389518879073897 1.368748531749103 0.056723933723854016 0.998387318599895 0.002270991369454166 -4.556911271216671 -0.02148392496113009 -0.0010535121940082356 0.9997686387761523 260.8403121347987
0.9981013445034271 -0.05783998207112973 0.02117173999605567 1.4058596577786633 0.0578271948325113 0.9983258668219817 0.0012162121272096514 -4.580480018887488 -0.021206641371324393 1.0399374325865355e-05 0.9997751138399076 262.39015307845705
0.9980330227653729 -0.059064442766054166 0.021011355752219657 1.4407165247036908 0.05907245088868777 0.9982536691685953 0.00023986962457106574 -4.6066562523803425 -0.020988830739571737 0.0010017944742974974 0.9997792083215254 263.88498075361235
0.9979329486271137 -0.06060519704787605 0.021373818918962905 1.4741797295678525 0.06057946600248774 0.9981616633668056 0.001849887472723097 -4.6337302807421 -0.021446639439453696 -0.00055124912373827 0.999769842404319 265.40380264265605
0.9978158008572686 -0.06225748886021983 0.022082405674778663 1.5102863062642353 0.062198304992671614 0.9980581633859489 0.0033575816746106235 -4.667154449942713 -0.022248559854617402 -0.001976759844463499 0.9997505158812932 266.9233857190678
0.9977565230406565 -0.06309124055393402 0.022392322237404214 1.5462778483186106 0.06305030524898936 0.9980071429962899 0.0025301257653890007 -4.703517280030666 -0.022507326314499938 -0.001112606734228036 0.9997460589411825 268.47981086173166
0.997660200636565 -0.06431822185174771 0.023179525526565763 1.582771041548949 0.06429129480547258 0.9979293548816304 0.0019058010823092642 -4.7407663771596935 -0.02325410669200533 -0.00041110018107061994 0.9997295021747616 270.05007230162477
0.9976498250937591 -0.06421331694095733 0.02390557294503867 1.6202140767950879 0.06418656259137479 0.9979361350755036 0.001885601566060141 -4.781143265432572 -0.023977315802523214 -0.0003467535184570106 0.9997124426998507 271.6356130355679
0.99767218782295 -0.06343219296966729 0.02503123128465382 1.6536516610128849 0.06339097553637732 0.9979857928417912 0.002437520560793359 -4.826175605892637 -0.02513543047400128 -0.000845092300739236 0.9996836979534521 273.22096129590733
0.9976681705081549 -0.06289163497030174 0.02651157870954036 1.6883336569378158 0.0628494995160326 0.9980200809245906 0.0024204300969798936 -4.866863915889036 -0.02661131273526453 -0.0007485466134222831 0.9996455760480675 274.8161527887054
0.997708320697955 -0.06184515365892835 0.027446015721212746 1.7259193205308079 0.061799346526216554 0.998085425201445 0.002514909417778677 -4.908722871051565 -0.027549003230572997 -0.000813000215600215 0.9996201235727754 276.3863525681164
0.9977092679053682 -0.0615469614703396 0.02807469090661176 1.765977881884332 0.061505813504530125 0.9981040110142814 0.0023276817535050212 -4.947775919120906 -0.028164723341073575 -0.0005955929551067803 0.9996031180564374 277.9888760982769
0.9976772271007002 -0.06165368713645141 0.02896503732325512 1.8037332227970757 0.061633002706607494 0.9980975853291483 0.001607214200808821 -4.9902049450476795 -0.02900902449280754 0.00018172121652136651 0.9995791331732444 279.5179693150499
0.9976166032784389 -0.062087863015391605 0.030103324224592956 1.8483344822733656 0.06207897218926873 0.9980704817000399 0.0012307603222390712 -5.033555635504035 -0.030121654587903952 0.0006409564952210367 0.9995460345074947 281.1031270425417
0.9975503223254208 -0.0628500602028999 0.030711957947030265 1.8940603285918904 0.06282326223039893 0.998022976022238 0.001837676370342052 -5.071506831015785 -0.03076673774027444 9.625073215075298e-05 0.9995265872324843 282.6399993729801
0.9975413896532752 -0.06285038016487039 0.031000090995720632 1.9409202506955703 0.06279955994415294 0.9980227435874145 0.002611235927105015 -5.103766742121998 -0.031102913037727352 -0.0006580238426769331 0.9995159707604423 284.17793848436094
0.9974800915369328 -0.06381286952978256 0.03100620373161258 1.9854429923786847 0.06375462420730348 0.9979614934269087 0.002864529510394852 -5.14047853565737 -0.031125791229410144 -0.0008805222912348432 0.99951508733027 285.745085889968
0.9974456143439168 -0.06436456152475274 0.03097498419389515 2.0363372771254964 0.06438607027728137 0.9979250181275353 0.00030356120240280756 -5.176829328433124 -0.030930250246881553 0.0016915717191241793 0.9995201139570847 287.3307932194998
0.9974061742088377 -0.06489398700977526 0.031139911690050367 2.082707301117285 0.06497777650136664 0.997885288134922 -0.0016853144566947047 -5.214033704906424 -0.030964692974861843 0.003704345266659114 0.9995136145221419 288.94722041954896
0.9974385698588691 -0.06486353923750333 0.030149969079223356 2.1285127502823578 0.06493439538375521 0.9978885864893456 -0.0013759543734729333 -5.2540740415137615 -0.029997060756670926 0.0033301999754661972 0.999544439289261 290.5388677685372
0.997415420347198 -0.06574371375080833 0.02898695147602933 2.1651650012275114 0.06581650321152459 0.9978305188955383 -0.001563158873537733 -5.275775447209789 -0.028821296962997265 0.003466938549833497 0.9995785677866755 291.9143764463205
0.9974317998986251 -0.06595982151149309 0.02791247923708739 2.212208525722578 0.06604528610172464 0.9978143099925217 -0.0021501064822154305 -5.31655369854033 -0.027709650570337332 0.003988072255551739 0.9996080584633926 293.5204048664865
0.9973929081692183 -0.06644373703461978 0.028153446372033798 2.2573403197949684 0.06653932626885964 0.9977807432389573 -0.002471129538535893 -5.3527864060253645 -0.02792677556458907 0.004337998430644789 0.9996005587114184 295.0939439537843
0.9973813025099293 -0.06706449440334379 0.027071959552644687 2.2917231438730816 0.06715315693590011 0.997739844478388 -0.002378287993615199 -5.388809846465193 -0.02685127403194359 0.004190027525216759 0.9996306581694054 296.5742618220132
0.9973340211529949 -0.06779492750837862 0.02699440784552556 2.3372431796446898 0.06787311434111015 0.9976919772366255 -0.0019897003059178692 -5.429122847881128 -0.026797212549731192 0.003816590337260345 0.9996336043960115 298.1576853384812
0.9973172333365138 -0.06813589703115326 0.026755104667358656 2.3761348537487716 0.06817783867371867 0.9976729674789032 -0.0006574767038745231 -5.461203385765294 -0.026648046903696807 0.0024798180570009976 0.9996418018963703 299.6763605975718
0.9974506660122904 -0.06614979819710667 0.026765146555171954 2.408935833453207 0.0661600784347302 0.9978088954139833 0.0005022491746228032 -5.491250892125215 -0.02673972500135549 0.0012698154216755977 0.9996416231208294 301.1724133162082
0.9974196018530903 -0.066097471471746 0.028022528513038325 2.4467819086583726 0.06608781930195136 0.9978130002635479 0.001271473541345043 -5.526103354901814 -0.028045284436691745 0.0005837551673783547 0.9996064831976477 302.7408637381115
0.9973878874858892 -0.06603160891707888 0.02927846512808034 2.4890358047394825 0.06602052788295502 0.9978173570412524 0.0013460628747151153 -5.55485831781975 -0.02930344338964661 0.000590432916323272 0.9995703875137961 304.26381157560263
0.9973087930921674 -0.0669809059825787 0.029811565789077434 2.5345147870220703 0.06697181898205246 0.9977540148775862 0.0013043227703432739 -5.584687498283373 -0.02983197417669063 0.000695722219703969 0.999554685491151 305.8445865748536
0.9971788999048727 -0.06877706783413949 0.030065869763656588 2.5810603339435407 0.06878982075025378 0.9976309873863948 0.000611201760225911 -5.615185601506009 -0.030036680003870896 0.0014587482928604268 0.9995477326810175 307.45630622934766
0.9970742348901743 -0.07000819837356745 0.030689123132794125 2.6273064005778277 0.07007329350653367 0.9975412934753393 -0.0010494516143594898 -5.64892811280277 -0.030540197368709887 0.0031968690981841958 0.9995284269957753 309.077051194237
0.9970457382563193 -0.0701867298628748 0.031202864869533376 2.674236707345271 0.07028462108176275 0.9975248711535094 -0.0020502364654285832 -5.683616748055757 -0.030981734365647617 0.0042372610642938836 0.9995109693016726 310.67118338660885
0.9971565062777068 -0.06927145600009023 0.02967098535041039 2.709115151366101 0.06939824203520817 0.997583697293012 -0.003263571298997721 -5.730040921306086 -0.029373218932547532 0.005313405577267678 0.9995543915819247 312.2180571830555
0.9972306839869816 -0.06870526529618061 0.028470149901914783 2.752426012707011 0.06880374203619707 0.9976271003862929 -0.0024927207326058834 -5.769853195437036 -0.028231330054967387 0.0044446704507483175 0.9995915350321406 313.82988516889543
0.9972609387538502 -0.06841457660075331 0.02810810815988845 2.7947323603427514 0.06842459419167321 0.9976561066691334 0.000606411978658157 -5.806321998002251 -0.02808371317139476 0.001318534915227822 0.999604705131075 315.41464735144245
0.997230612290262 -0.06907665958899632 0.027559408760241207 2.8340509784319368 0.06900633833653615 0.9976100967804631 0.0034957218217207316 -5.844654012278295 -0.02773501722681343 -0.0015842669274068882 0.9996140549820868 317.01663021579236
0.9971879819335412 -0.06979223136636299 0.027297859407186816 2.8778998362449877 0.06970659869214985 0.9975592043067555 0.004077254179012665 -5.879182708069952 -0.027515791576512117 -0.002162947935748235 0.9996190288655696 318.69703210094224
0.9971020866288394 -0.07086114503405552 0.02767899862487748 2.9209126502703477 0.07080086696460797 0.9974854865633314 0.0031529878797669254 -5.911589175312042 -0.02783282374236051 -0.001184153694677519 0.999611890536799 320.3386694507936
0.9970601710872244 -0.07161202949316152 0.027253118415772395 2.9668710368174422 0.07155338080548071 0.9974318845153625 0.003122410516617347 -5.947908724079657 -0.02740673141436999 -0.001163178403762414 0.9996236882393198 322.02212306322076
0.9970396288461328 -0.07199388011293002 0.026997402405592 3.0099743394571177 0.07192542102523551 0.9974038734082107 0.0034995886382252137 -5.985680093889175 -0.0271792626961626 -0.001547429022360296 0.9996293778909826 323.7124182885086
0.9970092915400965 -0.07221432282372695 0.027523883480064546 3.05096798318239 0.07213789312339927 0.997387577055415 0.0037610518796945625 -6.019089608955025 -0.02772358126993423 -0.0017642887051940303 0.9996140706927515 325.3000091929855
0.9970099307024509 -0.07205724162344408 0.02790971175618817 3.093419701297415 0.07198970731584653 0.9973995172380706 0.0034183408020049925 -6.05491057512443 -0.028083449240997174 -0.001398907745526727 0.9996046032986479 326.9090733903283
0.9969704193128155 -0.07208741447616591 0.02921280009463629 3.1351721858923343 0.07202587097231872 0.9973977744138092 0.003154917598857159 -6.090828260952627 -0.02936421165137275 -0.0010412821510735854 0.9995682361927947 328.5190317595316
0.9968939444158053 -0.07299171659741559 0.029574869319386788 3.181153028307565 0.07286574620869841 0.9973275886197727 0.005316390440481107 -6.123614142675577 -0.029883885566401765 -0.0031448825142838324 0.999548429590795 330.1326216572205
0.9968377952986133 -0.07372540215139357 0.029647511561918086 3.2295042327129244 0.07357615643522146 0.99727097455169 0.006095286780685738 -6.152768966427105 -0.03001598021752071 -0.0038946622875768323 0.9995418313093486 331.7563627454368
0.9968017192503394 -0.07429665878727325 0.029433637094551077 3.2768885888442587 0.07419248997189266 0.9972332511192961 0.004617065497236712 -6.180283156982579 -0.02969523415191141 -0.0024185440005631657 0.9995560733213418 333.33309016721245
0.996878775275796 -0.07318037710261431 0.029619922547955212 3.320017318958092 0.07307610237385186 0.9973158088430315 0.004589193133025625 -6.211184715526983 -0.029876255897853487 -0.002410360737534737 0.9995506988115411 334.9715568323391
0.9969365351169472 -0.0724831017758437 0.029389537355450128 3.365209395016035 0.07244002274554087 0.9973695633321459 0.0025292772220753723 -6.246188540767594 -0.029495559897046143 -0.0003925501156162993 0.9995648342407637 336.5744500646663
0.9970437712665667 -0.07116579751230312 0.02896804175257303 3.408844280573598 0.07121592156694073 0.9974606764779349 -0.0007009961110360052 -6.281498341930359 -0.028844595575467705 0.002761909595589657 0.9995800924195483 338.16110049690855
0.9970862864802558 -0.07068636692732859 0.028677078715017918 3.4523353122373264 0.07071514840198923 0.9974965502071951 1.0546354937900526e-05 -6.321723397987443 -0.02860603257176549 0.002017388251187099 0.9995887279502237 339.75503021627287
0.9971145983804132 -0.07031926455840797 0.02859508224557231 3.491735077187525 0.07023868717128824 0.9975229226505976 0.0038138708761417607 -6.357009042198616 -0.028792438610168575 -0.0017943852904548272 0.9995838012194416 341.3456950652638
0.9971985796990799 -0.0696173047551398 0.0273573303662288 3.5310464239467643 0.06946531412087183 0.9975633954588636 0.006468552749083536 -6.379797175761628 -0.02774099457888277 -0.00455004606669613 0.9996047890544365 342.93096690521344
0.9972038069910556 -0.06978066971249143 0.026743699389211974 3.5745135478297634 0.0696580433308551 0.9975558164969486 0.005490899053816513 -6.406042109915482 -0.02706149149365334 -0.003612631669388319 0.9996272428113189 344.4886983118515
0.9972015422206306 -0.07001970979498601 0.026197794430458634 3.6154126342026163 0.0699469071394095 0.9975439047501581 0.00368622807684409 -6.433817744164003 -0.026391558772180444 -0.0018434576289212802 0.9996499823886079 346.0727424278087
0.9972067116660889 -0.07037018383371503 0.02503620249386209 3.6554938081054194 0.07026879570886563 0.9975160201718248 0.0049077337117421444 -6.458628770974048 -0.02531937119539548 -0.003134761198052203 0.9996744983815983 347.63154106728206
0.9971313704062168 -0.07148691661629762 0.02487269395367693 3.696518760443973 0.07137349160382539 0.9974349364132477 0.005419623471751109 -6.481351455127347 -0.025196326083328755 -0.003628825566405601 0.9996759358796782 349.1905545950934
0.9971225294504591 -0.0715453630145236 0.025058377709598588 3.7383918518530392 0.07145189362554429 0.9974334078218299 0.004606935885326988 -6.509295438071641 -0.025323667973671887 -0.0028032110244583853 0.9996753742332113 350.80691379318705
0.9971030214867345 -0.07194272418817498 0.0246943106485559 3.777251925663158 0.07187468944388459 0.9974070540463407 0.0036328440568686596 -6.539942662602949 -0.024891636333683305 -0.0018474238767980944 0.9996884482005635 352.4331713754324
0.9970759568549777 -0.07218026872838627 0.025090736697575233 3.8161418347519698 0.07211215032144427 0.9973899954728616 0.0036103610150245943 -6.568546565341071 -0.025285846589476323 -0.0017904571872362281 0.9996786584824715 353.9589632882376
0.9970458800251528 -0.07260647492672495 0.025056195313374267 3.8522550822791497 0.07253855052483256 0.9973590744902328 0.0036104320709770318 -6.601240728284386 -0.025252164513629535 -0.001782226331779053 0.9996795245760907 355.53470109348945
0.9970338104227036 -0.07278302671726458 0.025024226178982235 3.8894998687953577 0.07272438969660765 0.9973467917170378 0.0032465666456145594 -6.630009777494013 -0.025194126641716608 -0.0014170651369719788 0.9996815732567839 357.0922442721157
0.9969469357546974 -0.07397559331881651 0.024988374946099432 3.926963577998456 0.07392718766359009 0.9972595501290151 0.002856676499585926 -6.662725294901053 -0.02513121989617909 -0.0010006345986561915 0.9996836602230376 358.6570013056109
0.9968430393913611 -0.075277182225125 0.02524481438309971 3.9638770819204487 0.07522086725568097 0.997161844743333 0.003174353063663095 -6.700193056357783 -0.025412122034475012 -0.001265394924477744 0.9996762590105808 360.25285165002185
0.9968329722801708 -0.07521246701391457 0.025828476160230818 3.9984860992296603 0.07517377580326463 0.9971673965921802 0.002467104588504903 -6.7334270295201595 -0.025940871353123385 -0.0005176671236762264 0.9996633449387797 361.831767815333
0.9967622017415259 -0.07589157490830133 0.02656279423030443 4.03661656754611 0.07587977827160619 0.9971159146887292 0.0014532459898401592 -6.764014291048988 -0.026596473992536673 0.00056703826396469 0.9996460903933808 363.3835338265908
0.9967146934458047 -0.0767960001247332 0.025733134944581102 4.074822233275808 0.07674901837281643 0.9970464846824109 0.0028099041357709637 -6.793957905208488 -0.02587292113471388 -0.0008256798926452291 0.9996648989559809 364.96761532102283
0.996606534974267 -0.07822698437021523 0.025611586497630404 4.110195491816366 0.07816345260829292 0.9969345046949993 0.0034739062859743316 -6.82530050505788 -0.025804827512204833 -0.0014602276790594707 0.9996659335058838 366.49849854836924
0.9966286945536849 -0.07781234525873189 0.02600930828668732 4.142591260456272 0.07777103922581392 0.9969678623919456 0.002597463256270096 -6.860738779009388 -0.026132559192565557 -0.0005659354792473765 0.9996583261630345 368.03376792735145
0.9966711694202557 -0.07706246551144465 0.026607451132260963 4.176934236897468 0.07703264455225069 0.9970262627134564 0.0021454913005370534 -6.895103127747033 -0.026693664412081836 -8.870699797440453e-05 0.9996436567153933 369.6460978825762
0.9967492842622789 -0.07567327450991944 0.027648143655209866 4.208162972664736 0.07562554563609589 0.9971324422147817 0.0027693916343000764 -6.930514703279902 -0.027778429938992426 -0.0006694831795801298 0.9996138807671671 371.2399158757517
