0.9999990851914774 -0.0013525898424314987 -1.0813248496340766e-05 -0.0012890645302832127 0.0013526066272436339 0.9999975678740668 0.001742039397700934 -0.020375851541757584 8.456957402712907e-06 -0.0017420524301400247 0.999998482589754 1.2781850099563599
0.9999972365588855 -0.0023264994599753986 0.0003380456401613179 -0.0026399918434892745 0.0023259585114223857 0.9999960278768404 0.0015919006077133842 -0.03893912318800212 -0.0003417478533065813 -0.0015911099284558127 0.9999986757879233 2.614065188433611
0.9999929863707014 -0.0036879597829128324 0.0006528108803887793 -0.0005857541861649432 0.00368778781172452 0.9999931651229523 0.0002644398530543435 -0.05945086723390196 -0.0006537816620497401 -0.0002620305703631839 0.9999997519547286 3.9666831806391594
0.9999894682245418 -0.004470218160296396 0.0010395141158771682 -0.001297249556877853 0.004470152959620497 0.9999900067014067 6.503721040953137e-05 -0.07997163812144235 -0.0010397944582212835 -6.03897383505797e-05 0.9999994575901351 5.285054972519663
0.999984360199351 -0.00543880625002339 0.001303358457592517 -9.302675548130096e-05 0.0054373893126580825 0.9999846251562021 0.0010882319022847448 -0.10111264235652137 -0.0013092571011314395 -0.0010811280152068577 0.99999855850299 6.621611182374018
0.9999819531406876 -0.005598397912184473 0.002179755433978833 0.0006390767691569277 0.005592861941258413 0.9999811400956611 0.0025375870996190526 -0.12021700212616789 -0.002193920746320359 -0.0025253502329337218 0.9999944046433261 7.901107120966893
0.9999866465001517 -0.004878989658656815 0.0017036083149631711 0.0009224545312360906 0.004874070605426165 0.9999839751298722 0.002879742903935818 -0.1425966118851913 -0.001717631250709068 -0.002871400942078266 0.9999944023840918 9.251457332937415
0.9999908445242401 -0.004278221203657846 -8.769851305266306e-05 0.0019512384434277653 0.004278301154224061 0.9999904130664296 0.000932692053027048 -0.16037943410593442 8.370740937510188e-05 -0.000933058714437182 0.9999995611971564 10.506354069462256
0.9999995175836627 -0.0009473333759012849 -0.0002595995308241979 -0.004056291370242249 0.0009468816882451427 0.9999980473319925 -0.001734574089284186 -0.1830599364663739 0.00026124224384025297 0.0017343274424552924 0.9999984619292235 11.896554821444127
0.9999977986796789 0.0020906536851018143 0.0001783338574800399 -0.011071820187567659 -0.0020901297482955237 0.9999936418712749 -0.0028892169631444834 -0.20609521369479408 -0.00018437307570147356 0.002888837862151824 0.9999958103024108 13.212324317445658
0.9999928324140686 0.003753400780848331 -0.0004970946252167136 -0.01779044683034331 -0.0037550793063117574 0.9999871016848962 -0.0034199186021289484 -0.2324534803271303 0.0004842518883819336 0.00342176071930892 0.9999940285090149 14.539464632244597
0.9999920385417452 0.003990322764498265 1.3317636317664461e-05 -0.020610728171905165 -0.003990272899682754 0.9999884649815501 -0.0026735044473352038 -0.2585789999571423 -2.3985628355671824e-05 0.0026734300213378664 0.9999964260919191 15.920739682039867
0.9999939621177483 0.003343165462548768 0.0009481417283864567 -0.03051989944088615 -0.003343633890727775 0.9999942885673296 0.0004928946398320608 -0.28823064738488874 -0.00094648848480225 -0.0004960619026085082 0.9999994290409057 17.1280779324657
0.9999956663162626 0.0018617721747197808 0.0022806036619948504 -0.03376515517145202 -0.0018667025022895975 0.9999959213709071 0.0021616344092771503 -0.3108577681545403 -0.0022765698894632947 -0.0021658822499998403 0.9999950630796225 18.383831018350794
0.999997550152112 7.746319676294741e-05 0.002212168444532422 -0.03375816550867724 -7.571908458479582e-05 0.9999996862747791 -0.0007884903071230403 -0.3309340619211187 -0.0022122288294991934 0.00078832087207216 0.999997242293102 19.720478679986172
0.9999980482793173 -0.0012283357197348066 0.0015474588574484844 -0.031900873753994675 0.0012332511146191526 0.999994184948974 -0.0031794905136561047 -0.3523646458455443 -0.0015435443771277847 0.003181392713539486 0.9999937480860359 21.048512783733415
0.9999929841853523 0.0010225373079238726 0.003603608958708672 -0.035822913710003734 -0.0010037009845682702 0.9999858458285201 -0.0052250097563368 -0.3809770138596185 -0.003608900720019643 0.005221356152776963 0.999979856434878 22.363050275301692
0.9999807218280942 0.004608063269601713 0.004161937657731222 -0.037614867599669234 -0.004594304629997004 0.9999839701279833 -0.0033093582526679583 -0.4091859042320223 -0.004177120674613298 0.0032901732448399933 0.9999858631115187 23.703708021811856
0.9999473099501976 0.007251651438884673 0.007265732913617732 -0.03968110223633006 -0.0072565543610793445 0.9999734604738444 0.0006486653766463587 -0.43494818260127555 -0.007260836189297116 -0.0007013553842961052 0.9999733938252845 24.997010835001916
0.9999583384454711 0.005723907450983461 0.00711043295904117 -0.029838613186090542 -0.005742540998221224 0.9999801237496625 0.002602946118309039 -0.45597012651804864 -0.007095392607614567 -0.0026436696283097883 0.999971332796416 26.45042621466093
0.9999706807072074 0.003015080498707173 0.007038964096386426 -0.02056194446790252 -0.0030209178062201476 0.9999951017989712 0.0008188001431442651 -0.47934288165552613 -0.007036460869781312 -0.0008400402684792438 0.9999748909601559 27.830131263802315
0.9999713245996499 0.003564260309024736 0.006681768244326888 -0.012467008378789574 -0.0035511580356097105 0.9999917507273195 -0.0019717388057268162 -0.4999422399825586 -0.006688740914963664 0.0019479542503342564 0.9999757328151576 29.2281551041871
0.9999647588494422 0.003906892132037131 0.0074308312486227185 -0.006336947896479356 -0.0038718760551235904 0.9999813609869915 -0.004720831962611669 -0.5289595877801798 -0.007449136526513804 0.0046918943374805126 0.9999612474953896 30.590597574267015
0.9999485296022085 0.007016875939125263 0.007328137446575051 0.00011456121569463663 -0.006975848415691138 0.9999599360518416 -0.005609262881985118 -0.5585529655833124 -0.007367203354209119 0.00555785419499661 0.9999574163790604 32.02051583402832
0.9999403898568757 0.007282494185486393 0.00813523271441602 0.008595884918218883 -0.007215882580858984 0.9999404453423886 -0.008187600811347437 -0.5911165070448536 -0.00819437437871884 0.008128409863256041 0.9999333883722642 33.365929637116196
0.9999243665027193 0.008400071752805056 0.00898332169540901 0.013902733075414949 -0.008328140289404392 0.9999331996784284 -0.008014877427698644 -0.625286349282151 -0.009050047152113579 0.007939456871144297 0.9999275282094882 34.70038877957473
0.9999193161564041 0.008800940504695614 0.009159946699726002 0.023738162484231894 -0.008735531314370827 0.9999362357309657 -0.007156463151794573 -0.6584621636535992 -0.009222346228843286 0.007075868739607509 0.999932437923491 36.1206349891076
0.9999077071714069 0.00976281430649961 0.009447994286432192 0.03168201107221986 -0.009707000677994205 0.9999352705201318 -0.005935394482992023 -0.6897238232669334 -0.009505328876849503 0.005843135001702288 0.9999377513106982 37.544250887480146
0.999884891412133 0.011712071701262802 0.00964527356849755 0.038270183566035974 -0.01165324923318032 0.9999132941729075 -0.006132366475860405 -0.7227944732997837 -0.009716259982938954 0.0060192618109991755 0.999934679256198 38.96915002770911
0.9998571395255692 0.014073304847471976 0.009361764279032011 0.04905238441551936 -0.014010140419888115 0.9998788747541619 -0.006778774650823479 -0.7549642055343097 -0.009456030095185582 0.006646646599733671 0.9999332005608266 40.413347691961164
0.9998342522247203 0.015707255542147056 0.00920598726740091 0.05772855729541316 -0.01564680429648173 0.9998557840776684 -0.006602163413545248 -0.7884097563706539 -0.009308361485323728 0.006457024838518495 0.9999358285593603 41.86141907762923
0.9998210286450204 0.016684881556447 0.008917701870983282 0.0699702499122672 -0.016624994495664822 0.9998390241137113 -0.006747993580411865 -0.8219137655621539 -0.009028855809653768 0.006598529138338309 0.9999374676328415 43.308643948930545
0.9998389847168335 0.015768695328392337 0.008564630059211124 0.08197244289690937 -0.015708173156207157 0.9998514927980346 -0.007088416299638583 -0.8532214553674908 -0.008675133226954963 0.006952740264291951 0.9999381988234637 44.714236063351734
0.999843541604423 0.015210338549096853 0.009029834613399986 0.0893791807723975 -0.015138036566009727 0.9998532322584921 -0.008022081473840512 -0.8872028181495629 -0.00915052790005313 0.00788413238528126 0.9999270514870986 46.11982921520529
0.999818490907924 0.016445824452325137 0.009618736750940613 0.09309677706572063 -0.016370218841383035 0.9998348930533638 -0.007886860468805483 -0.9208740365254415 -0.009746854553435116 0.0077279681063319085 0.999922635675012 47.44852041174881
0.9998255424613463 0.016438598168890445 0.008868885618583636 0.10462870860012013 -0.016376840578741846 0.9998414453186611 -0.00699166044295697 -0.9544063472858595 -0.008982412511805636 0.006845196369198347 0.9999362277426176 48.86398453044731
0.9998235461279426 0.016899723561789922 0.008202191882650764 0.11530868938521027 -0.01683768932753495 0.999829547633864 -0.007574159779968005 -0.9905235889246785 -0.008328795006131142 0.007434717331422345 0.9999376761338422 50.31610018211059
0.9998388934378363 0.016518248107455617 0.007023862787847397 0.1244523978758592 -0.01646770900872887 0.9998385223830536 -0.007193310703440738 -1.0262494010925638 -0.007141549482136096 0.00707648488537522 0.9999494595391621 51.7735784614182
0.9998363659264605 0.016480032481401688 0.007459886083544213 0.13232949236637181 -0.016432458085147535 0.9998445311744548 -0.00639435702902582 -1.059900024014319 -0.0075641055153521175 0.006270726428949677 0.9999517299839064 53.18736770187308
0.9998756741005923 0.013832718177024864 0.007569164400359097 0.14526657808918353 -0.013793049955407314 0.9998909934486238 -0.005268110975669114 -1.092879842516858 -0.007641211606302727 0.005163054150339038 0.9999574764743897 54.59762676184161
0.9998920063614478 0.013246522592411646 0.006364373785828232 0.153637057498348 -0.013211352657281707 0.9998973973623945 -0.005536687536322646 -1.1232513088716574 -0.00643706264082811 0.005452007622762734 0.9999644192857268 56.027342912323384
0.9999220108225385 0.01066673199222782 0.00649562169584662 0.16192185740954906 -0.010624424293705375 0.9999223462069501 -0.006513306718970761 -1.1554213157056077 -0.006564592983338148 0.006443786510589122 0.9999576909721583 57.39927482690156
0.9999148699017909 0.011086253804747754 0.006880982913785467 0.1660382428793408 -0.011042466560758687 0.9999187451972364 -0.006369217804297096 -1.1871550695148598 -0.006951034565992134 0.006292692568429273 0.9999560416031811 58.81217042318548
0.9998917454501864 0.012563319487717793 0.007659006725899468 0.1736478334955034 -0.012519041219038603 0.99990480071863 -0.005801991622923754 -1.2204179899400889 -0.007731169868387 0.005705480110034163 0.9999538371890879 60.22656612721517
0.9998670815027957 0.01374264288431223 0.00877263322122553 0.17965586125327446 -0.013698200488634755 0.9998931374503387 -0.005106171079252309 -1.2525431213862086 -0.008841868040920629 0.004985323085988382 0.9999484826346184 61.61426046416044
0.9998681973009588 0.01284885008341752 0.009924468633802253 0.1899634365557569 -0.012792559959816362 0.999901841699244 -0.005714663256375423 -1.2900419588634346 -0.009996921316283634 0.005586950688266889 0.9999344216228399 63.04930253755933
0.99990728829202 0.009782762573944982 0.009471661782350259 0.20294124915106898 -0.009719654647936508 0.9999304099165238 -0.006686077900892306 -1.3231634340652099 -0.009536410961271495 0.006593396741723928 0.9999327897340822 64.43530510688146
0.9998973802663158 0.010304335684352694 0.00995236668642701 0.211079007114047 -0.01023181302614231 0.9999209293640106 -0.007310610235195131 -1.3594883408849434 -0.010026910728384427 0.007208029267216602 0.9999237497806163 65.86618944485406
0.9998873284924983 0.011040735049547412 0.010170176483174998 0.2196917421454732 -0.01096469910658414 0.9999117435891334 -0.007502026795534727 -1.3975930754392916 -0.010252106790084816 0.0073896686058674875 0.9999201403633495 67.29971763929483
0.9998318141321708 0.015049007210999981 0.010481928788821432 0.2254906905041076 -0.014981674380384242 0.9998668167635627 -0.00647287941029985 -1.4348457505868084 -0.010577943180542766 0.006314753919466379 0.9999241126210561 68.71130744554972
0.9997796698445308 0.017892368008150705 0.010976107352803967 0.23338656787999365 -0.01783546982001023 0.9998270992837948 -0.005259995632313591 -1.4698757646109926 -0.011068323353556144 0.005063072665226028 0.9999259260131864 70.1072142836387
0.999730221616008 0.020348457192317912 0.011199298080602263 0.23909844335546082 -0.020295523706510478 0.9997824057887962 -0.0048200407306555615 -1.5044933230825592 -0.011294941570643353 0.004591444768165328 0.9999256687023577 71.52049105080634
0.9996567621776363 0.023016640893424024 0.012513675499464397 0.2464107755572489 -0.022953456797552507 0.9997231686422344 -0.005169613232455111 -1.54034224039773 -0.012629198453014558 0.004880606715711193 0.9999083373112364 72.90885384370395
0.9995827049742978 0.02569562255233691 0.013196624489302217 0.25350957176820876 -0.025617967971725067 0.9996536786811523 -0.006020167459374727 -1.5730371564068801 -0.013346746167642703 0.005679584569938211 0.9998947978091743 74.29530116012847
0.9995316008030298 0.02735641450043116 0.013718803949722524 0.2639494720472108 -0.027273440970622537 0.9996087878662496 -0.006199244969245568 -1.6058812999634837 -0.01388302610212525 0.005822182258169854 0.9998866754687756 75.64553390593551
0.9995096547016012 0.027848716127802816 0.01431429943507022 0.2768541721640239 -0.027768628053011477 0.9995977609841221 -0.005763638744992369 -1.6400103380013307 -0.014469051604624982 0.005363324114980197 0.999880933561642 77.01653317207939
0.999507404327739 0.027537597317808 0.015054216285994486 0.2935764606004397 -0.02744763330789785 0.9996043220801072 -0.006150341824967027 -1.6750508404468338 -0.015217625301551647 0.005734109584845365 0.9998677631904385 78.42451709071372
0.9995354693297259 0.026074750079748556 0.01577824325077723 0.3084575257036277 -0.025961663469869747 0.9996360641604152 -0.007330160963511561 -1.7091309763965405 -0.015963633097740487 0.006917126437503546 0.9998486464361336 79.84168958416271
0.9995570584282821 0.025381100433742216 0.01553984192228761 0.3266007690951351 -0.02526576287630959 0.9996520776430061 -0.007573961334631045 -1.7432725914563985 -0.015726670737174257 0.007177980551149503 0.9998505630456643 81.25044427414014
0.999536136840365 0.025956336436559507 0.01593046606439206 0.3384841322391569 -0.02583243082637666 0.999634793631904 -0.007935041153031792 -1.7784606792736402 -0.01613061275454466 0.0075198377171303695 0.9998416151435541 82.60656464918276
0.9995463318370164 0.02586609431892934 0.015429701093900993 0.3480162471863359 -0.025730469804061927 0.9996290787658574 -0.008924562139659333 -1.8135192002197775 -0.01565482145618838 0.008523499891865688 0.9998411256368525 83.95334517803069
0.9995724389079086 0.024988514627690018 0.015182671451192509 0.36098179939558517 -0.024854838940672332 0.9996511822883681 -0.008930326461008782 -1.8488767411677856 -0.015400531059881423 0.008549145347265854 0.9998448558435978 85.31358332803508
0.999585193015322 0.024940355048451445 0.014402103824666246 0.3707584558699379 -0.02482727140191484 0.99965992095392 -0.007978034415641391 -1.8859206611997064 -0.01459618098185088 0.007617160130828243 0.9998644560000552 86.67495097117424
0.9996287332517314 0.023871951026458033 0.01313490052216207 0.38019946556105366 -0.02377759050394568 0.9996906651652854 -0.007293844748475509 -1.9216044120452944 -0.013304955744510261 0.0069788205005273385 0.999887130738794 88.05832974076773
0.9996611367934999 0.02290069803950944 0.012376171218450192 0.3857312787527637 -0.022816406678602654 0.9997157940676552 -0.006909607655519836 -1.955738426913333 -0.012530888675660748 0.006624886488069857 0.9998995388077836 89.44187119934844
0.9997043843912637 0.020858058979412914 0.012493406440719505 0.39468017919470033 -0.020769683101919716 0.9997586318897761 -0.007162277970575261 -1.9898672097934051 -0.01263978214715387 0.00690067659677583 0.9998963029083462 90.79545912142542
0.9997099039494932 0.020356342012899178 0.012873510987534715 0.4038514381025783 -0.020257297602688542 0.9997645459029252 -0.00777783063281254 -2.0259886938481233 -0.013028808047108912 0.0075147917715984855 0.9998868826349814 92.17734687505235
0.9997246382028644 0.019631640166322097 0.012854823006523824 0.4131772281032635 -0.019527497634936903 0.9997758778940102 -0.00817745787989651 -2.06206393151091 -0.013012478867092872 0.007924183594541284 0.9998839346184603 93.58999813088667
0.9997069636883053 0.020964701979760164 0.01210239744871413 0.4198674008399443 -0.020855875179260575 0.9997415367968104 -0.009049423940650359 -2.0978820596154524 -0.012288987900307516 0.008794366040275654 0.9998858134318815 94.9402487539043
0.9996966868001942 0.021233727417047845 0.012476506750302619 0.42765893955406825 -0.021115622252533824 0.9997316864489147 -0.009522899080416238 -2.135247540689088 -0.012675365777764935 0.00925656145585416 0.9998768179993041 96.28560070761081
0.999684304129924 0.021973644614510634 0.012184047710925166 0.43059782362077126 -0.02184475568440074 0.9997050465331725 -0.010612567323454546 -2.1750412745830374 -0.012413650766626011 0.0103430594342874 0.9998694526767895 97.63757013591146
0.9996253052473482 0.024262924163207928 0.012671212262203597 0.43847789570847195 -0.024129268731163042 0.9996526866414972 -0.010596437181157145 -2.2130146517428 -0.012923911932643141 0.010286719665924253 0.9998635686426781 98.98770875049009
0.999588495908438 0.02520215872777167 0.013700001568028985 0.44511321722579567 -0.025075107081864376 0.9996416769426402 -0.009367855898638769 -2.2528526436941942 -0.013931182732877702 0.00902047198126729 0.9998622671312773 100.3364321745807
0.9994380863985894 0.029954867427194658 0.015040524370582458 0.44719310887623726 -0.029827025172362548 0.9995176166602495 -0.008653470701414756 -2.290939739830353 -0.015292482639850993 0.008199994099521336 0.9998494387013863 101.65578507857961
0.9994034315144057 0.030573944031213746 0.016062846061759516 0.4586334247379584 -0.030416075249501105 0.9994874766582273 -0.009982302829734571 -2.3282127503795653 -0.016359811846236517 0.009487778967917073 0.9998211533102364 103.0257500575403
0.9994058444730597 0.030520278078745012 0.016014701342318683 0.46443830170559786 -0.030330180221493114 0.9994681164791839 -0.011981832467629258 -2.369436948710697 -0.016371872245388924 0.011488984617739843 0.9997999625083176 104.34318619498389
0.9994215465428959 0.030142755783445593 0.01574758964358921 0.47432226279830025 -0.029935415568735742 0.9994641380156216 -0.013240381996590847 -2.4145729485175873 -0.01613825270995642 0.012761312411664795 0.9997883304505012 105.7242335589612
0.9993621864520148 0.03187661601607564 0.01609663446840745 0.4802962029516478 -0.03168374373759576 0.9994247197605862 -0.012098343450327915 -2.4603118852253405 -0.01647302864127345 0.011580625321432357 0.9997972436672085 107.0977989480488
0.9993553743358389 0.031781159379618146 0.01669711635462702 0.4906114913208839 -0.0316156009773777 0.999449195601449 -0.010087575846252004 -2.505434208651138 -0.017008514365219534 0.00955318376783161 0.9998097054534854 108.49554790824922
0.9993929441912319 0.031136566576009002 0.01562873387822099 0.4981928995867462 -0.030985847406497423 0.9994718278881115 -0.009795025191209691 -2.543849837370913 -0.01592546267082221 0.009304809501163032 0.9998298856099803 109.82694659415993
0.999390162078471 0.03133922069884714 0.015399908660568704 0.5022787163800156 -0.03116548249706299 0.9994492794834278 -0.011395193757914831 -2.5809702966248573 -0.01574854410700145 0.010908298952820772 0.9998164793463172 111.13817515867976
0.9993030104421312 0.03394704273747075 0.015527124996969966 0.5061973528044046 -0.03373160873196119 0.9993338120739472 -0.01393235866982209 -2.622711434316807 -0.01598974338896893 0.013398893056182713 0.9997823752053359 112.46358566717076
0.9991993827051455 0.03657612318204559 0.016210515557046962 0.5123423700508883 -0.03631520531071278 0.9992105587164987 -0.016107923910347065 -2.664218062720971 -0.016786883715991296 0.015506339427233597 0.9997388428848167 113.7852061680897
0.9990526119292328 0.04030391574223776 0.01641563197741078 0.5214087023066748 -0.040035450878162036 0.9990642011740059 -0.016367180744588282 -2.70647160977288 -0.017059931721946267 0.01569446744513317 0.9997312851067808 115.07694772691983
0.9990170573960595 0.041116547618108235 0.016563470158258604 0.5381292812807895 -0.040876145261407024 0.999057542728711 -0.014600241964993176 -2.751430379057631 -0.017148171339359756 0.013908839952916002 0.9997562124792619 116.37273621233969
0.9989352930558477 0.042547544517939864 0.017832182786157297 0.5534003700856406 -0.04232749394610232 0.9990250759944141 -0.012541163845340321 -2.7958517458583128 -0.018348393490103514 0.01177301957217959 0.9997623379916271 117.71831123271622
0.9989360164299318 0.04273353119852664 0.017340138130970788 0.5692041166368265 -0.04252391613478497 0.9990199491649344 -0.012282415359035197 -2.83715168902192 -0.01784801489405401 0.011531976491245459 0.9997742054496835 119.03605014750983
0.9988928434019873 0.043463572915763256 0.018000145268483675 0.5800617187862354 -0.04323189606287372 0.9989796193312054 -0.013066113564758865 -2.883880976636302 -0.018549678247863802 0.012273466921551563 0.9997526051211998 120.40942679636188
0.9987898394090784 0.045444733753852544 0.018805128747928657 0.5877296779162697 -0.04518303045279023 0.9988789989160535 -0.014115214612726695 -2.9286175938890397 -0.019425510348172373 0.013248460231383692 0.9997235257055871 121.72041086270748
0.9986596569265677 0.04826340216318391 0.018695818755596283 0.5910031668338968 -0.04798734856332487 0.9987361585577541 -0.014943224791213494 -2.9765867143810443 -0.019393401072769486 0.014026032972068326 0.9997135421679034 123.0688167007714
0.9986107514685691 0.049086519636467006 0.019159348667313378 0.5979203354483185 -0.048775694848978375 0.9986756515242213 -0.01636687644816707 -3.028341258423041 -0.019937368015269543 0.01540962824499531 0.9996824719449542 124.41059460435844
0.99856699586027 0.05006481396541044 0.018906855402248665 0.6049920055473276 -0.0497445292067211 0.9986164852754996 -0.017046910277456896 -3.0849036046818417 -0.01973414788113163 0.01608196936369531 0.9996759143186306 125.79734643160552
0.9986178019140628 0.04910658454327875 0.01873576939483826 0.6100932101708765 -0.04878201342497086 0.9986577986139432 -0.01740449464239108 -3.1397080805993243 -0.019565297506777338 0.01646646962906354 0.9996729737826394 127.13005825379798
0.9986222382892699 0.04875390832265926 0.019408287337927432 0.6209660778975992 -0.048421844668127254 0.9986784061949451 -0.017226896379149557 -3.1930175452958975 -0.020222515992367966 0.016263376746172176 0.9996632195013226 128.47582585035448
0.9986915591361288 0.04726675992977998 0.019519813420876747 0.634114679345932 -0.04693976469624985 0.9987550241739295 -0.016883725228514824 -3.2467829985715015 -0.020293550712134987 0.015945378423600838 0.9996669028763636 129.85155472764103
0.9987290702440479 0.04624342140259057 0.020044705696003886 0.6438376667459749 -0.04590326452241763 0.9987993404703234 -0.017110458270601432 -3.3020162682969785 -0.020811884961289336 0.016168594652209697 0.9996526606733608 131.20271950148512
0.9988738217632611 0.04326582198279912 0.019471950190128755 0.6532981042375094 -0.04292103639611418 0.9989200740487983 -0.0177896120537971 -3.3574388840528866 -0.020220604114060632 0.01693382149704828 0.9996521259211963 132.5611706764781
0.9989607817486423 0.04136792552238611 0.019132466284120714 0.6638388054581055 -0.04103873337259234 0.9990079463182617 -0.017290042109279997 -3.4165006718826096 -0.019828739024758492 0.01648690179935918 0.9996674462928886 133.9596280139404
0.9989971675026491 0.04031085022536561 0.019485755715126576 0.6771422064422573 -0.039955929069496916 0.9990343437721007 -0.018273031933423972 -3.470018678370784 -0.020203540627196575 0.0174761356699569 0.9996431371385339 135.38638401720877
0.9990656217140417 0.038798246053982736 0.01904152337044631 0.6861314486549549 -0.03844506471112787 0.9990880333725465 -0.018576290564401434 -3.53060712867445 -0.01974488562868457 0.017826880683689185 0.9996461082886278 136.79082342118366
0.9991022306706899 0.03798752722506293 0.018753144914227343 0.6981596530136264 -0.037659631533153215 0.9991366959550457 -0.017538955180396117 -3.5890429980662133 -0.01940321678578179 0.016816972716809424 0.9996702979517824 138.17003497869348
0.9991569078234935 0.03699712095425975 0.017795690199830416 0.7092807163744083 -0.036680025734207644 0.9991680446814643 -0.017826783208291477 -3.6498642075186067 -0.01844042463530424 0.01715900721234856 0.9996827092686736 139.61612085448124
0.9992068536433528 0.03620005547123242 0.01658974430268993 0.7126833872204987 -0.03590034648408889 0.9991928769495445 -0.018021092519956237 -3.703875564179851 -0.017228718886536754 0.01741122158753226 0.9996999652937665 140.96059011104933
0.9992435063203238 0.035958107923533746 0.014813154668148167 0.7146833386724972 -0.03567348869147895 0.9991819169141246 -0.019049911191192714 -3.7585408806043246 -0.015486035039412399 0.018507063148238904 0.9997087932655112 142.2888430062725
0.9992692012767298 0.035567722051506455 0.014000018851105973 0.7216992151916533 -0.03528783167232815 0.9991819049541463 -0.019755752277931717 -3.814158333749693 -0.014691232610981972 0.01924728449076255 0.9997068118824144 143.63493471303224
0.9993012910852355 0.03494417268233019 0.013260257573934668 0.7285791752739937 -0.034643997825531146 0.9991524693054368 -0.022229181170500233 -3.8654927343093872 -0.014025799444031763 0.02175426110889115 0.9996649584103473 144.92388894887603
0.9994792468176292 0.029985768708343512 0.011920103012660005 0.7326737576220865 -0.029704731146215333 0.9992919146946 -0.023093249522947872 -3.925119778681164 -0.012604131401797121 0.022727140184541295 0.9996622494476011 146.23190429432404
0.9996682384596685 0.023731878484478816 0.010010542369880672 0.7526833159788823 -0.023513066824765363 0.9994936668367018 -0.021437015692858885 -3.978609300330454 -0.010514214351789047 0.0211945251638174 0.9997200825229251 147.5652703247361
0.9997718457797796 0.019527493368876384 0.008656407385224881 0.7656197053545268 -0.019352197461322655 0.9996148340060232 -0.019891608495197954 -4.039993915228339 -0.0090415064844564 0.019719549635748315 0.9997646675706507 148.96671688664588
0.9998228480343023 0.01738982268698587 0.007201848060701168 0.776312969495424 -0.01721385662652761 0.9995681897024449 -0.023814224216131753 -4.093192378791407 -0.007612863365093836 0.023686033899537395 0.9996904601472864 150.30026474444608
0.9997940758606891 0.018735763069325468 0.007795964089105404 0.7754517678892965 -0.01851944021942221 0.9994651698471042 -0.026951894116298555 -4.154887637996234 -0.008296758874872226 0.02680196717979895 0.9996063316863615 151.59649363924726
0.9997202575318316 0.021747946213783953 0.009296962728152707 0.7786829944666416 -0.02146780040670097 0.999341876393961 -0.029239487531302077 -4.2192055003578135 -0.009926742979666264 0.02903172266465561 0.9995291985994891 152.90826622872947
0.9996926156385532 0.02218224949204408 0.011073483879014611 0.7806179279747821 -0.0218426971703412 0.999314318124277 -0.029896323722730444 -4.286005895912542 -0.011729058703530236 0.029645259305363398 0.9994916646889286 154.2581120468041
0.9997307582308035 0.020022691032473602 0.011726162674935434 0.7962382021784692 -0.01970574806130714 0.9994533030514146 -0.026547664924807212 -4.343217821239169 -0.012251307710005533 0.026309444377136677 0.9995787705808682 155.55589875652365
0.9997586884414753 0.01789622470224092 0.012739310310460149 0.8056348792288636 -0.01759393707911698 0.9995699970626374 -0.02345792723693274 -4.408902827329099 -0.013153640706487696 0.02322813194391789 0.9996436543201579 156.98655185435885
0.999786662831353 0.01524178476378745 0.01393975687589678 0.8138879428355953 -0.014919296006672246 0.9996252169747425 -0.022952999692030043 -4.47422581276553 -0.014284377172632732 0.022740131604971275 0.9996393564598072 158.39404486881867
0.9997815836190425 0.01432840104333308 0.01521453186067496 0.8285420076137542 -0.013976947595806498 0.9996386713654023 -0.0229602187863107 -4.53564436641166 -0.015538017637464686 0.022742551183906053 0.999620601215053 159.82112287786077
0.9997399642928779 0.01587596181463767 0.01636941147793012 0.845949509005837 -0.015509898079970755 0.9996320732985464 -0.022252215494114203 -4.5926739452316685 -0.016716664057836013 0.02199254121987139 0.9996183678151721 161.15862642285808
0.99965628287645 0.01985606416911921 0.017118785627188896 0.8608759207170604 -0.01945296178067121 0.999536885462928 -0.023400787957403305 -4.649177941880671 -0.017575505215998138 0.023059733623340597 0.9995795867771721 162.50453491837058
0.9995614399577388 0.022766075368605386 0.018937622921614612 0.8734257705316625 -0.02226664761863341 0.9994092858647492 -0.02617777169923683 -4.713129483817354 -0.019522401323553797 0.025744613798243995 0.9994779090639974 163.8696816214384
0.9995021613072743 0.0243755115465351 0.02003157454945627 0.8988506626770704 -0.023839758098168573 0.9993628439954156 -0.026562604827328994 -4.7768860781780464 -0.020666288392125476 0.02607183304328194 0.9994464288023923 165.28110003932275
0.9994303659283419 0.027025372107541135 0.02021318685382811 0.9254253766093831 -0.0265055194952005 0.9993218731315059 -0.025558781606827025 -4.841497846942342 -0.020890215332264584 0.025008461435779478 0.9994689468712799 166.7186472442969
0.9993462390167924 0.029781607395319123 0.020497571171756525 0.9487329504468279 -0.029233972397899474 0.9992207990526755 -0.02651734523606774 -4.900221453171196 -0.021271328609868415 0.025900783800515085 0.9994381821692067 168.0659929079678
0.9992932033339841 0.031110217718119115 0.02110090339379248 0.9773435105231837 -0.03048691614963113 0.9991072673705169 -0.02924408027449445 -4.962026272696493 -0.021991855633127017 0.028580109183607764 0.9993495562839176 169.45219255118906
0.9991492782372224 0.03509799080824789 0.021652963752333217 1.010740985641699 -0.03438660441497379 0.9988834350406256 -0.03239513294070286 -5.02809970005507 -0.02276579088992559 0.031623001797138936 0.9992405638896434 170.8388356542827
0.9989661353896208 0.03974203066436986 0.022073317453347802 1.0348513281846636 -0.03897900262395717 0.9986619509711085 -0.03398448229734109 -5.095530369913253 -0.02339439460993867 0.033088951044858386 0.9991785744398164 172.16714715814769
0.9987802211468954 0.04441844321617295 0.021565522205796866 1.0657031548541334 -0.04369379929890879 0.9985003143038562 -0.03298445448881102 -5.165177074981223 -0.022998298819342722 0.032001941149708175 0.9992231752787087 173.5243288386112
0.9988258858796177 0.04390097431264207 0.020483021046605994 1.093682703493093 -0.04323927436789333 0.9985616837959068 -0.03170061208902772 -5.235073756579073 -0.02184524774254138 0.030777720985831758 0.9992875046962127 174.92305675378222
0.998799900872582 0.04449899371248298 0.02045965726728831 1.130907633915757 -0.04389380653605766 0.998611311646485 -0.02913386344890978 -5.29851348080099 -0.021727672785957754 0.02820084768692208 0.9993661093038145 176.30579142271407
0.998942261173407 0.04185593580012283 0.019037843366690593 1.1659117811376878 -0.041311902356259304 0.9987503927798019 -0.028124360364210923 -5.357364363379603 -0.02019122496198657 0.027308122610042177 0.9994231240440895 177.71244618832617
0.999002336278519 0.04077893979770994 0.018204674647841368 1.19098542160385 -0.04025128866821975 0.9987840095550162 -0.028466401559570313 -5.409771550723782 -0.01934336761287077 0.02770524004909199 0.9994289638604704 179.06300866689875
0.9990602555416305 0.04009432940489703 0.016463612807087295 1.2145962821317573 -0.039532667072703004 0.9986688925325019 -0.03313021765734193 -5.472175457116046 -0.017770031829147253 0.03244823319497746 0.9993154347508665 180.42526330614248
0.9990335594409651 0.041977904074250304 0.013030835746288117 1.229575049317927 -0.04146877882113055 0.9984489183879774 -0.037149666929325594 -5.536175092949348 -0.014570089011322403 0.03657339113903322 0.9992247492765536 181.83094551005482
0.9988356307122774 0.046450756085548744 0.01302728209127683 1.2436222990463357 -0.04592550794436532 0.9982190388166108 -0.03807359011298397 -5.605709319185207 -0.014772628055186641 0.037430973846806714 0.9991900177930226 183.17436874648055
0.9986840665639208 0.0496405590334211 0.012882161705144288 1.2584114174482293 -0.04912989834835987 0.9980949691779865 -0.0373187029500197 -5.678241012788603 -0.014710142066883045 0.03663669472593585 0.9992203782549318 184.5650919488215
0.9985730446620021 0.05172812996509678 0.013269327216215997 1.2755407896844462 -0.05125322246459589 0.9981091325815108 -0.03393032042843783 -5.7526899337547786 -0.014999388702597254 0.03320180759681431 0.9993361087796492 185.92812306240802
0.9985849267168403 0.05156045987261129 0.013025479324968274 1.2895125535136787 -0.05111828458305215 0.9981713737401331 -0.032261891249883705 -5.81945717211739 -0.014665098540631524 0.03155039815054747 0.9993945703581412 187.28835389492278
0.9986033214526889 0.05102409455514392 0.013709418604846911 1.3049793666343905 -0.050576594134899525 0.9982322483841991 -0.031215163166931348 -5.893819223936143 -0.015277909194940313 0.030478189917582568 0.9994186637390643 188.73819331381347
0.9986454264322416 0.05015231244128054 0.013858492802455756 1.320998548178238 -0.04970721931819872 0.9982892854176288 -0.030784654748926752 -5.962364993665349 -0.01537870650009409 0.030054087528160023 0.9994299611324605 190.15610645436826
0.9987832865754085 0.047417351100518194 0.013547740484397636 1.340986923602104 -0.04698665096212011 0.9984293473997019 -0.030513814615144918 -6.0312095892095385 -0.014973345951600157 0.029840125093801483 0.9994425275349242 191.58084470485957
0.9989232482662681 0.044280551835281144 0.013841127205815292 1.3558200228832664 -0.043836930431488584 0.9985619408841767 -0.03086055326738515 -6.100535763644991 -0.015187745175285657 0.03022057158273594 0.9994278610533635 192.98231725273473
0.998921557760927 0.04378835343727278 0.015437018615402613 1.373385829514618 -0.043312619517786796 0.9986137060983618 -0.02991125177923029 -6.166703199038491 -0.016725382835296853 0.02921037650811018 0.9994333471889284 194.3695213104138
0.9990256312198075 0.04108940208774363 0.016107426918464354 1.3932385974757244 -0.040620556178483105 0.9987701702979478 -0.02842740471371633 -6.238095861701406 -0.01725568258900936 0.02774541329802918 0.9994660741912688 195.8550750799253
0.9991002742534077 0.03900956080533725 0.016640196889963745 1.4111980147137273 -0.038523345595066844 0.9988482682654967 -0.028602252134747735 -6.311510009716941 -0.01773679314095728 0.02793548189652964 0.9994523575540163 197.30584657758328
0.9990024747419425 0.04134124119042654 0.016880676417325154 1.422319873728735 -0.04075313125330975 0.9985969993081854 -0.03381146648308734 -6.401403499607523 -0.01825480080751275 0.03308979826957869 0.9992856586071643 198.80537986029054
0.9986970035891226 0.048127444738521284 0.016971861566883874 1.4277184791100446 -0.047435409916893025 0.9981103628658556 -0.03905874326965554 -6.490984987729557 -0.018819588415298034 0.038202782656883996 0.9990927737148073 200.26270092925174
0.9981674075131801 0.05765198083047602 0.018386834549111036 1.4166576301490719 -0.05689073677672313 0.997597213895272 -0.03953786662670424 -6.5835889159689716 -0.020622091247387238 0.03841936926488872 0.9990488884022994 201.71343385269364
0.9976903304828835 0.06518195929676339 0.019113258309000996 1.4202194982233638 -0.06446527807526904 0.9972711014326219 -0.035980246942484986 -6.663518115887544 -0.021406363157476255 0.034665002951089506 0.9991697079008995 203.0346324201431
0.9975386111094772 0.06718806630487384 0.020061981257690424 1.4395684377502342 -0.06648741370661958 0.9972160317330139 -0.0337581082595606 -6.74950287636215 -0.022274271354566683 0.032341147179271036 0.9992286560316159 204.5461469795396
0.9975933525416666 0.06648575817416934 0.019676049519166128 1.4614041284518309 -0.06580163693954061 0.9972673917506586 -0.03358413207027711 -6.826338952322774 -0.021855149067249485 0.03220859063732535 0.9992421924380511 206.0590908458717
0.9977875043823536 0.06369707471339611 0.019046752253005547 1.4861393235084492 -0.06303150125055773 0.9974420116807713 -0.033711469625571054 -6.902174401582161 -0.021145352882661565 0.032436337758305775 0.9992500978455267 207.54950858590854
0.9978044364544999 0.0632381710000111 0.01967842270833286 1.5052745109055834 -0.06253863875150979 0.9974517105057542 -0.03433662581343558 -6.984738791493544 -0.02179966180523539 0.033030575800568285 0.9992165710232482 209.06249008438374
0.9978355535629173 0.06275978418333553 0.019632053765313955 1.5250416641473847 -0.062048020652906266 0.9974601179837367 -0.03497650875838607 -7.064866296728421 -0.021777308806176045 0.033682673901133324 0.9991952893704154 210.54210125764337
0.9976936913119943 0.06483652102342362 0.02008790327094453 1.5432199313004846 -0.0641078380801571 0.9973285827393049 -0.035012614125433675 -7.147581007660423 -0.022304336191244126 0.033644072179022926 0.9991849643555883 212.02366501730046
0.9976487434162633 0.06562249684327187 0.019765441254938017 1.5658477903622317 -0.06492356498805098 0.9973060528655936 -0.03414041046751705 -7.2248556518517 -0.021952573179241718 0.03277689469280145 0.9992215768812764 213.49146208546236
0.9977314990909004 0.06449242672727695 0.019302399245906644 1.5917235207087195 -0.063804241514642 0.9973705433429955 -0.034365942973207525 -7.303902096888179 -0.021467987482826772 0.033056408857032954 0.9992228977294864 214.96617806477136
0.9977779291296105 0.06384945579586468 0.01903814950027425 1.6134963345653566 -0.0631448206697839 0.9973705378981937 -0.03556320788746433 -7.388157973596154 -0.02125878087764463 0.03428202338308073 0.9991860723150398 216.49832938828686
0.9977398333317569 0.06427976318460259 0.01957899456168009 1.634775406985979 -0.06354834326399297 0.9973316585399269 -0.03593286716084594 -7.473063731316785 -0.02183650731038764 0.03460744022502519 0.9991623952238957 218.01273917398177
0.997717232814565 0.06489643751813035 0.018675538608011077 1.660122613775886 -0.06419061436676951 0.9972811439494409 -0.03619233275308619 -7.555380741879594 -0.020973515968015343 0.03491091978663466 0.9991703254738844 219.52315366669228
0.9976997060833548 0.06525870967365638 0.018346588045565042 1.6824125718940242 -0.06455555314497594 0.9972423003389255 -0.03661113181633794 -7.636866905825531 -0.020685188887956344 0.03534254131293499 0.9991611620425458 221.02738162625158
0.9976779675281843 0.06553916830453264 0.01852810100302365 1.7016863279878687 -0.06482022006163567 0.9972087957832519 -0.03705343012025167 -7.723343626394289 -0.020904836282287155 0.035766395267980214 0.9991415078904202 222.55778610728564
0.9976241528721594 0.06622587907287657 0.018978475890546007 1.7228097944986074 -0.06547880433872162 0.9971453133525517 -0.037599870231312574 -7.804907501085547 -0.02141438274792717 0.03626785077813226 0.9991126399017568 224.03335082724462
0.9976563444142263 0.06580875097354229 0.018735707761969585 1.7435275304270708 -0.0650660434806947 0.9971640390046891 -0.037819165797539245 -7.885888440235216 -0.021171406089534536 0.03651147232248678 0.9991089449869985 225.48628922785747
0.9976438300244155 0.06595827690433125 0.018875754872949884 1.7651036523085906 -0.0652157615034462 0.9971637942464477 -0.03756689893446467 -7.970363719294644 -0.0213000672707331 0.036247388207127786 0.9991158261094761 226.9853741043083
0.9976270019680438 0.06593382052913867 0.01982665515615276 1.7849184896479382 -0.06515497171630359 0.9971645639705325 -0.03765185283759538 -8.054951135248949 -0.022252968451362806 0.03627069990898436 0.9990942106344185 228.49835598302116
0.9975697279730835 0.06646318399303222 0.020911312852461315 1.8064770367064138 -0.06563133360696709 0.9971114522135361 -0.03822669111474896 -8.137362904581252 -0.023391577131013735 0.036761352506671806 0.9990502675447321 229.9671763761435
0.9976210794378341 0.06553064935612925 0.021398968579162125 1.8364547688642567 -0.06468533761843084 0.997179758646855 -0.038057010421050266 -8.22177330772351 -0.02383251892850501 0.03658227630919591 0.9990464193927913 231.48655305915233
0.9976236402282735 0.06523573809572653 0.022166888207209565 1.8645947305738044 -0.06437595393989139 0.9972205631396145 -0.037508465788906833 -8.301562980331987 -0.02455216919162413 0.03599231760548899 0.9990504211807172 232.939403024306
0.9975693114487082 0.06579498799936113 0.022945335253839502 1.892499896375748 -0.06490963338059208 0.9971899045295513 -0.03740366023185166 -8.380564061163888 -0.025341830047261708 0.03582337028402833 0.9990367749944674 234.4052053256425
0.9975176977306037 0.0664361952828557 0.023338266228901068 1.9222103422837507 -0.065524536860397 0.997132150158781 -0.0378683269891228 -8.463459897429589 -0.02578716315268667 0.03624509726932622 0.9990101676862306 235.90155874669938
0.9974385803278222 0.06763551034889476 0.023274797817813827 1.9516923365214052 -0.06670092737159874 0.9970172716477104 -0.03882713386181122 -8.554522794421283 -0.025831468432597364 0.037175230678488796 0.9989748432581341 237.44722222327067
0.9972946174024131 0.06961728068345624 0.02359831202464048 1.9789319643864387 -0.06868765475061193 0.9969085775415297 -0.03814831724969056 -8.642209862630793 -0.026181141782438844 0.03642419874703045 0.9989934061647261 238.94063081415732
0.9971712977160675 0.07089819191202575 0.02495695083251162 2.005448329294157 -0.06996637137374499 0.9968844183085723 -0.03641652661044334 -8.72627042770956 -0.027461061305820676 0.034567367808143824 0.9990250183027307 240.4558038408102
0.9971377818240491 0.07101209852406656 0.025952377968510187 2.033037187001927 -0.0700547115762612 0.9968895351483273 -0.036105291824289246 -8.808836177800423 -0.02843556654928851 0.03418386424847979 0.9990109518819398 241.96112287099686
0.9970499298082237 0.0719971353997097 0.026605449886239137 2.064604946489175 -0.07096548743027335 0.9967594299960452 -0.03787529944094266 -8.891958573611511 -0.029246146125550265 0.035875495929578796 0.9989282315204664 243.44805153391596
0.9969813340011368 0.07261923083917501 0.027471202478913933 2.096979802355871 -0.0715171715606116 0.9966698625994836 -0.039172428542215795 -8.976383207252585 -0.030224391230940093 0.03708951736342186 0.9988547711636884 244.93108930099615
0.9969570488823887 0.07264930518031931 0.028261654950343097 2.1314556982007127 -0.0715098590650831 0.9966601566772975 -0.03943186716953048 -9.059645170223222 -0.0310319632025978 0.03729089096281255 0.9988225101142789 246.37852306516604
0.9969275302057199 0.07277667083958557 0.028966458178850015 2.168712355305707 -0.07163204389106025 0.9966775038558856 -0.0387660108289327 -9.143782354099736 -0.03169147844310327 0.036571976827980246 0.9988283840104769 247.8611136049763
0.9968186187258496 0.07434317671648134 0.028735577898976607 2.205337615621646 -0.07320462520630062 0.9965607975014379 -0.03882859425348718 -9.230490636685417 -0.03152339147190845 0.03660148848064664 0.9988326220298909 249.37243517207142
0.9967817308415488 0.07505799553635749 0.028150992284243528 2.245125073390861 -0.0739498301880959 0.9965172437379571 -0.038533174642839965 -9.31306497993064 -0.030945172089926896 0.03632740341626362 0.9988607090507433 250.87774705067855
0.9965726067779934 0.07776201795453645 0.02821538557862526 2.275232288884971 -0.07665089429324905 0.9963132337591634 -0.03853025616840295 -9.39851034857964 -0.03110755251956211 0.03623546329213885 0.998859004753045 252.34773189894645
0.9965088944780343 0.07858497714176413 0.02818553873516754 2.309895194577305 -0.07747066746495727 0.9962447835450426 -0.0386604053499718 -9.4854349046467 -0.031117823007036343 0.03634188529670037 0.9988548185118701 253.865127981907
0.9964855867899245 0.07858610518130293 0.028994816646606466 2.347276521177721 -0.07745024743948607 0.9962558919099049 -0.03841428128133202 -9.57626814086456 -0.031905085668268066 0.03603362189999928 0.9988411503343588 255.40388063268813
0.9965724415081028 0.07765454740650976 0.028515611402644688 2.385221253624646 -0.07653905575026339 0.9963297956570248 -0.03832376848495156 -9.6589234333973 -0.03138696817844295 0.03600985355593972 0.998858422738399 256.887464313246
0.996686870588306 0.07603301973723832 0.028883592341045254 2.424244466025507 -0.07492872917038078 0.9964811183687475 -0.03756416216929133 -9.752934891087031 -0.03163807108214238 0.03527549637079286 0.9988767050111803 258.4403361353504
0.9967876961885033 0.074627569174826 0.02906913562991269 2.4649436519848518 -0.0735441661972668 0.9966161039260648 -0.0367096310738568 -9.841321916685624 -0.03171031922832861 0.03445384324406254 0.9989030925671158 259.99666064127945
0.9969688051440079 0.07234462912372339 0.02862614550856891 2.5041561858721866 -0.07125325540338608 0.996754315083206 -0.03746743862912857 -9.92525268985411 -0.031243802011706043 0.03531416146475231 0.9988877488666541 261.4942587361157
0.9970621053811224 0.07122354745016626 0.02818446915546578 2.5406721616994052 -0.07012008110560003 0.9968001623501332 -0.03837460833012727 -10.012384527317998 -0.030827459167203055 0.036285570511713224 0.9988658694409029 262.99957353094004
0.9970754953585095 0.07054835023121742 0.02938344491774943 2.5767994615821173 -0.06945453728506527 0.9969091771618341 -0.03671729484903377 -10.100905683628195 -0.03188297047168625 0.03456910137922141 0.9988936146676141 264.48632070679275
0.9971170512122073 0.06988409159810581 0.029560106958162986 2.6130602827544407 -0.06884171860375482 0.9970161614678815 -0.03492265098085885 -10.185873015710301 -0.031912442112002774 0.032787002201436426 0.998952755902444 265.98652015297
0.9971648408334339 0.06900293618102231 0.03001457985759888 2.646122233898847 -0.06790939130349148 0.9970401944690664 -0.036043934106502494 -10.274525702320007 -0.03241287982299175 0.03390347196796186 0.9988993742164898 267.5074665438287
0.9972561854927454 0.06747947610680753 0.03044044679054361 2.683417252161206 -0.06632984477027073 0.9970997240565277 -0.03731610884251769 -10.361318743397467 -0.032870232570046225 0.03519461025136694 0.9988397705438257 268.9993355449982
0.9972215053485178 0.0675245098646366 0.03145965412993122 2.720429035054197 -0.06632409532926073 0.9970835767491547 -0.03775520303039365 -10.459569203726813 -0.033917306042630394 0.03556376730116904 0.9987916873934003 270.5507042095526
0.9971473482511988 0.06807309553361578 0.03260704739886789 2.7539907263313332 -0.06682756908286197 0.997045369432035 -0.037876210272552814 -10.554358433467003 -0.035089056500227 0.03558911292244495 0.9987503057097477 272.07965185463405
0.9969694207417998 0.06991256745788955 0.03412047797444448 2.7914861599242946 -0.06858587138628076 0.9968975195769694 -0.03861753108976661 -10.65215157816464 -0.03671447060687486 0.03616031488704948 0.9986713569915396 273.6230292300939
0.9968454606598842 0.07081559759054795 0.03583683439807519 2.830681552263035 -0.06939588498454859 0.9968100101869539 -0.03942099362388512 -10.752524439307875 -0.038514136482502216 0.036809709710573076 0.9985798448607038 275.1726650286226
0.9967254995330145 0.07175841993700391 0.03726939426400362 2.8722181043587915 -0.07026366638660846 0.9967270190877956 -0.03997832670669217 -10.856242936979278 -0.040016193804165774 0.037228733372224966 0.9985052456772194 276.73821314073155
0.9967068101316071 0.07173009079888162 0.037819686821274574 2.920035016329483 -0.07016676885703628 0.9966857428018954 -0.04116010985888843 -10.957986963160643 -0.04064676106946721 0.03837087657868541 0.9984365361129078 278.2913179832502
0.9967361618396356 0.07078582726358183 0.03881224471478952 2.9726602528009267 -0.06914655246978649 0.9967191713054445 -0.04206718238400722 -11.065497447879453 -0.04166266869432916 0.03924614899320199 0.9983606371579696 279.8747015601682
0.9967496659304574 0.06996030076994283 0.03994571045430705 3.0176633191552864 -0.06828736670613532 0.9967890942106348 -0.0418131224746785 -11.158889769470457 -0.042742707165808067 0.0389494284800148 0.9983266013711223 281.37165685937913
0.9967127692291007 0.0698535704453187 0.04103820599998587 3.0681833443658846 -0.06816793989150283 0.9968256180475268 -0.04113172954196149 -11.25661857496899 -0.04378113322659494 0.03819903009508875 0.9983105961939838 282.88019888174466
0.9968304079020982 0.06804883594765777 0.04121278694657832 3.123159829712788 -0.06636970647461955 0.9969594899383928 -0.040826921072382026 -11.345012604668089 -0.04386570350750297 0.03796223581332396 0.998315916284942 284.34453552362874
0.996946150048152 0.06784830329520568 0.03866499248840024 3.1621747936889477 -0.06613304304010002 0.9968385486337011 -0.044037808484418975 -11.40652324606468 -0.041530645581576986 0.041346290012718875 0.9982813680419762 285.3940785011303
0.996967007756848 0.06680424548009863 0.039924656920136935 3.2084411484720126 -0.06492603140007074 0.9968003606381527 -0.04662243535341706 -11.507386339483446 -0.042911489032576806 0.04388888033979947 0.9981144074160657 286.8774385274048
0.9970311588405378 0.06593026292236123 0.039775227618221436 3.257165968980203 -0.06404210796551088 0.996839263211324 -0.04701161268916988 -11.593181094570829 -0.04274899657801184 0.04432475325696673 0.9981021187936033 288.23483727689495
0.9971582506686434 0.06453895852783811 0.038860596438960684 3.3096106731787103 -0.0626809390853481 0.99691355254896 -0.04727016627418497 -11.685861110889961 -0.04179142255090947 0.04470001763257145 0.9981259366556994 289.6358142035701
0.9971306800264595 0.06451263362993441 0.0396046342250367 3.3574360745106606 -0.0625822678666728 0.9968759025683535 -0.04818604182948247 -11.78895191067348 -0.04258951395159514 0.04556923282938249 0.9980528935485867 291.11109346701886
0.9970991075251089 0.06430317527568716 0.04072433451996703 3.4081235331245323 -0.062287883357784325 0.9968566395811762 -0.04895977644689403 -11.898602725426732 -0.043744592345077195 0.046281116801423855 0.9979701743379779 292.6289886178169
0.9971366448513778 0.06358441201447927 0.04093328771683418 3.4644160789781315 -0.06155310585467107 0.9968950200744232 -0.04910737327995542 -12.009980473228484 -0.04392865413576716 0.046447190438025004 0.9979543736294921 294.1995667000565
0.9970879805069693 0.06407074936365421 0.04135816974325601 3.514680759500701 -0.06202299125303498 0.9968696836494056 -0.0490304229714369 -12.114380485457067 -0.044370121529675025 0.0463224880237651 0.9979406392259651 295.676528461704
0.9971242303752722 0.06366982835930503 0.041102580882672796 3.568857319178944 -0.06169237077551829 0.9969543249064032 -0.04770875641338734 -12.221306630820022 -0.044015004107872256 0.04503584136121566 0.9980152565999526 297.1565962084564
0.9970221886289601 0.06512474892867366 0.041297971602662686 3.6217017288290863 -0.06317724668565705 0.9969030434949051 -0.04682902275099238 -12.329721920578914 -0.04421980193009423 0.044080482614991166 0.9980488566045705 298.7059885392407
0.9969755916405604 0.06545487066023026 0.04189665356332931 3.678248478819878 -0.06348644129392231 0.9968891779328894 -0.04670587427850066 -12.440664843911053 -0.044823447488858775 0.043904747205037786 0.9980296747732871 300.26146911025836
0.9969392387089113 0.0656210914967319 0.042497372545517456 3.7341653297395374 -0.06360193287531615 0.9968566657216912 -0.047239624688963956 -12.552880724471597 -0.04546370483164296 0.04439212043829318 0.9979791536830672 301.82352696640714
0.9969963625803719 0.06451691234366014 0.04284648203932743 3.7935350695888417 -0.06246131614119854 0.9969069981155956 -0.04769718119615801 -12.66044864657404 -0.045791232647912 0.04487766849770991 0.9979424622105185 303.3554208646599
0.9971090566168601 0.06232016313426485 0.043470984340734736 3.8532376183306836 -0.060184719459789704 0.9969929297035414 -0.04881493280435569 -12.76379846973377 -0.046382418610721635 0.04605752260017856 0.9978614011253024 304.84922984077497
0.9971874516861531 0.06121348095255394 0.04324460601446199 3.911825285943242 -0.05897166019253447 0.9969384727009788 -0.051342233519528054 -12.87500588145055 -0.04625504830622263 0.04864762479616876 0.9977443956785115 306.3895740411094
0.9973132910668779 0.05983937311596818 0.042254572373165766 3.9758528836770117 -0.05758653069314051 0.996950746981185 -0.052659278160480646 -12.991810914200911 -0.04527682568466084 0.05008450377854237 0.9977181723999898 307.96559941370214
0.9973923911621806 0.05979604639234049 0.0404085496848304 4.029243560585527 -0.057587178407149484 0.99689094523265 -0.05377880805907078 -13.107707970244348 -0.04349867739241619 0.05131155960401415 0.9977349291851578 309.5113951868534
0.9974550589561872 0.06014351271981488 0.038290511101690586 4.08114909033441 -0.05807219267635608 0.9968999793038436 -0.05308532473060816 -13.225024969801844 -0.04136454762797989 0.050726611770503666 0.9978555932888361 311.0632363952857
0.9973371310053263 0.06202555713821108 0.0383598407160056 4.124577722736745 -0.060080844146838765 0.9969441649986216 -0.04992618593285341 -13.341142965091711 -0.04133931887036961 0.04748854742875468 0.9980159811237688 312.60951620723534
0.9973787558135044 0.06126360126970254 0.03850180010559261 4.179196048923004 -0.059445694211698825 0.9971381209809167 -0.046709497174912254 -13.454365533385854 -0.04125320462210572 0.04429829394131143 0.9981662357855499 314.1997315240153
0.9974610923564778 0.05994318859514371 0.03844715042844517 4.233387429771786 -0.058164931694218915 0.9972552121454962 -0.04581356316251131 -13.567535247520084 -0.04108783221377497 0.0434609708783132 0.9982098647350091 315.80355537900385
0.9974902617939747 0.05920578781571102 0.038831074094178075 4.287754675490764 -0.05733782190218668 0.99722071914482 -0.047573222381906796 -13.680218616597811 -0.04153976174341499 0.045227336837428626 0.9981126871234992 317.3943352007495
0.9975626737906801 0.05859642628835121 0.037883646680615286 4.33304269630624 -0.05676714298531375 0.9972481399079782 -0.04768269001807157 -13.793895289953307 -0.040573431416049015 0.045415925360036094 0.9981438725889253 318.9435442713282
0.99754831391463 0.058683675085749225 0.038125945031011854 4.379898139234087 -0.056854597987191495 0.9972562786410161 -0.04740748251894463 -13.90831220961452 -0.04080338336207403 0.0451236189760906 0.9981477560545364 320.53090939400397
0.99752278762895 0.058558475782383955 0.03897682741080124 4.42962086304146 -0.05668000416513763 0.9972536621933246 -0.04767085451131868 -14.018584073380714 -0.04166131645552542 0.04534355694079668 0.9981023477355153 322.07453220959803
0.9974462259780279 0.0597563462771064 0.03911783943162312 4.479972267689045 -0.0578229244680138 0.9971324458098738 -0.04882002580071539 -14.133722143250408 -0.041922973274257216 0.046433442612266916 0.9980412815705658 323.66513526350525
0.9974706765762903 0.0593669035620116 0.039087339790464505 4.5342648013444435 -0.05741387477534121 0.9971312848329467 -0.04932390688779315 -14.25402755804087 -0.04190341696947719 0.04695499514272208 0.9980177012846152 325.26724152191264
0.9974567609102419 0.05962019659805553 0.03905691068244246 4.582906832536088 -0.05775104530532273 0.9972072806997393 -0.0473545782957819 -14.374941233207949 -0.04177112496198367 0.04497856686287343 0.9981142728377199 326.89245251301423
0.9974403275281281 0.05943982936181155 0.03974543629170439 4.635875080884621 -0.0575809984509575 0.997262769378907 -0.046383158884460075 -14.489685935878384 -0.04239365091579224 0.04397585128395984 0.9981327080433138 328.47547092963447
0.9974201763942867 0.05950250280623574 0.0401552472459395 4.687613132595517 -0.057560692863468085 0.9971924586812709 -0.04789537541638177 -14.602820209721664 -0.04289240444025182 0.045460449942697975 0.9980448833255645 330.0554496817291
0.9974182467912174 0.05934474265790108 0.04043565860475358 4.7383577359628815 -0.05738786704117833 0.9971998282739759 -0.04794929829323726 -14.718576122055884 -0.0431679705846446 0.045504988838777786 0.998030972618778 331.652219504936
0.997323379949476 0.06148226984181128 0.03957279749083263 4.789650550478506 -0.05944139021764541 0.9969366271624323 -0.050833872083322615 -14.833831782037036 -0.04257695309842372 0.04834554702440221 0.9979227981902028 333.2365255197505
0.9972821358672789 0.06282496923321687 0.03848850115089236 4.840913607900119 -0.0606979245721436 0.9966866985987796 -0.054142282819406175 -14.951539973788744 -0.04176246439844367 0.051658959311115984 0.9977911848128643 334.7844170966061
0.9972410336420976 0.06377089002266789 0.037994662864092026 4.8899723431052555 -0.06167257059567345 0.9966317793925161 -0.05405173763187706 -15.075423762276657 -0.04131361587371544 0.051559382178420064 0.9978150205588294 336.38284073520634
0.997098546071889 0.06554067968647699 0.03871574263214147 4.937483090555104 -0.06353926845540865 0.9966834127685426 -0.050842266631208714 -15.193146506144082 -0.04191957520628196 0.04823478017242342 0.9979559886068329 337.94600839710995
0.9970850909571198 0.06599045029503839 0.03829597708491811 4.983581056540922 -0.06410641019321264 0.9967638311416409 -0.04849982577262089 -15.30979974529998 -0.04137257017844175 0.04590343557614257 0.9980887661120804 339.5348779683985
0.9970881785349192 0.06601770918752324 0.03816839398700408 5.028646683766586 -0.06408585894250662 0.99670118314681 -0.04979713041277284 -15.416889710783071 -0.04132997591962429 0.04720607574642438 0.9980297688461524 341.03315346089204
0.9971732797300653 0.0659142572107424 0.03606606283945483 5.0814188381889345 -0.06400334333856562 0.9966046734293001 -0.051794757846331 -15.526812502435245 -0.03935761976884681 0.049339999951666554 0.9980062836329733 342.5924261563874
0.9973252600208038 0.06458085999403489 0.034229201668538975 5.12604297692462 -0.06280043901940902 0.9967343932047087 -0.05076075513432416 -15.641315641859691 -0.0373955957754942 0.048475374421124096 0.9981240942344425 344.1367118882292
0.9974110009378809 0.06332342091149558 0.03407989982612119 5.1753453066021065 -0.06156313054806118 0.9968281114751079 -0.050435078369014195 -15.758593544460634 -0.03716552387919872 0.048206436676358606 0.998145712457731 345.73011455701834
0.99743639116621 0.06338937904778118 0.03320289447115549 5.221812641749515 -0.061628536919819926 0.9967637880831199 -0.051612732957164315 -15.875027366342056 -0.03636714196150676 0.04943417229125882 0.9981150703177606 347.3139892532796
0.9975071289076636 0.06255463312993331 0.032656479485206384 5.264255675521552 -0.060770474542241645 0.9967419585405441 -0.053032230847541335 -15.99215637501095 -0.035867495065853724 0.050915478577104455 0.9980586840657034 348.8903072898778
0.9975189917367251 0.06268032265628794 0.03204743790460324 5.300822963595947 -0.06090702289064419 0.9967032123856018 -0.053600755431394746 -16.109488688139496 -0.03530149695330688 0.05151585748020955 0.9980480553264622 350.4428708193485
0.9975565760063311 0.06209203955587241 0.03202274645178642 5.342796258036705 -0.06030449002271103 0.9967153843362011 -0.054053779799706284 -16.22817547700902 -0.03527387347066093 0.05199058810329366 0.9980244148311443 351.9885238086107
0.9975156478010072 0.06222840763953543 0.033017535867825146 5.383101790117482 -0.060350889807998714 0.9966552132891665 -0.055101324148374584 -16.350403811743178 -0.036335966913213336 0.052971795383668425 0.9979347104907772 353.5150686988972
0.9974997655558262 0.06233535191536373 0.0332944682741425 5.423962781823729 -0.0604087307206493 0.9965995901803348 -0.05603607860213114 -16.47384720625597 -0.03667428211690354 0.053884698699833825 0.9978734570461509 355.0514800362733
0.9974651615062929 0.06258562694620257 0.03385691777132599 5.464523232300624 -0.06063584568289293 0.9965969206127064 -0.05583790866057617 -16.593334231631218 -0.037236350513228184 0.05364342573901475 0.9978656407931068 356.5690362686203
0.9974265513284821 0.06282123410625289 0.03455093703992136 5.508218736629221 -0.060791803765663684 0.9965246926084189 -0.05694641004145011 -16.718207952256897 -0.0380083056697652 0.054699447593730556 0.9977792035981976 358.13512918830537
0.9974664307375851 0.062177816826081235 0.03456354504913191 5.551184497807244 -0.060094507786164944 0.9964853692789786 -0.05835716705660174 -16.83762581366155 -0.03807058819560936 0.056132235904833024 0.9976972498743111 359.62314051856964
0.9976179396091874 0.05931239073269182 0.035220546212273704 5.5974877806707894 -0.057258165621134866 0.9967469427836122 -0.05671890796922316 -16.9584047168818 -0.03847010579165504 0.054567136236850354 0.9977687500635039 361.12249130927813
0.9977497589087647 0.056861575616658624 0.03552717010812404 5.642266697899981 -0.0548090613026783 0.9969085448918855 -0.05629671323140353 -17.077220489236666 -0.03861845927299336 0.05422282120962192 0.9977817899037086 362.6400364548307
0.9977382935354797 0.05665314856278397 0.03617621277622363 5.68572542752872 -0.05451449396973974 0.9968506004655475 -0.057593839068924284 -17.205229170569428 -0.0393251517496209 0.055491450777548135 0.9976844347440083 364.22887045210257
0.9976940876484743 0.05701175540497572 0.036826175703158194 5.729481772424963 -0.054808236242540505 0.9967932610885857 -0.05830310359115474 -17.33931552365064 -0.0400320460538623 0.05615028400660367 0.997619456954764 365.83396761720377
0.9975486906590709 0.05931814991406404 0.037120975945468815 5.771246286010686 -0.05711490236969928 0.9966909113073924 -0.057836971260049656 -17.471961561847884 -0.040428921475488266 0.05557503403515549 0.9976356639075806 367.42142730093565
